-1 1 -1 2 
0 4 -1 3 
-1 3 0 8 
2 6 1 9 
1 5 -1 6 
4 16 -1 7 
3 7 4 12 
6 18 5 13 
-1 9 2 10 
8 12 3 11 
-1 11 8 32 
10 14 9 33 
9 13 6 14 
12 24 7 15 
11 15 12 36 
14 26 13 37 
5 17 -1 18 
16 20 -1 19 
7 19 16 24 
18 22 17 25 
17 21 -1 22 
20 64 -1 23 
19 23 20 28 
22 66 21 29 
13 25 18 26 
24 28 19 27 
15 27 24 48 
26 30 25 49 
25 29 22 30 
28 72 23 31 
27 31 28 52 
30 74 29 53 
-1 33 10 34 
32 36 11 35 
-1 35 32 40 
34 38 33 41 
33 37 14 38 
36 48 15 39 
35 39 36 44 
38 50 37 45 
-1 41 34 42 
40 44 35 43 
-1 43 40 128 
42 46 41 129 
41 45 38 46 
44 56 39 47 
43 47 44 132 
46 58 45 133 
37 49 26 50 
48 52 27 51 
39 51 48 56 
50 54 49 57 
49 53 30 54 
52 96 31 55 
51 55 52 60 
54 98 53 61 
45 57 50 58 
56 60 51 59 
47 59 56 144 
58 62 57 145 
57 61 54 62 
60 104 55 63 
59 63 60 148 
62 106 61 149 
21 65 -1 66 
64 68 -1 67 
23 67 64 72 
66 70 65 73 
65 69 -1 70 
68 80 -1 71 
67 71 68 76 
70 82 69 77 
29 73 66 74 
72 76 67 75 
31 75 72 96 
74 78 73 97 
73 77 70 78 
76 88 71 79 
75 79 76 100 
78 90 77 101 
69 81 -1 82 
80 84 -1 83 
71 83 80 88 
82 86 81 89 
81 85 -1 86 
84 256 -1 87 
83 87 84 92 
86 258 85 93 
77 89 82 90 
88 92 83 91 
79 91 88 112 
90 94 89 113 
89 93 86 94 
92 264 87 95 
91 95 92 116 
94 266 93 117 
53 97 74 98 
96 100 75 99 
55 99 96 104 
98 102 97 105 
97 101 78 102 
100 112 79 103 
99 103 100 108 
102 114 101 109 
61 105 98 106 
104 108 99 107 
63 107 104 192 
106 110 105 193 
105 109 102 110 
108 120 103 111 
107 111 108 196 
110 122 109 197 
101 113 90 114 
112 116 91 115 
103 115 112 120 
114 118 113 121 
113 117 94 118 
116 288 95 119 
115 119 116 124 
118 290 117 125 
109 121 114 122 
120 124 115 123 
111 123 120 208 
122 126 121 209 
121 125 118 126 
124 296 119 127 
123 127 124 212 
126 298 125 213 
-1 129 42 130 
128 132 43 131 
-1 131 128 136 
130 134 129 137 
129 133 46 134 
132 144 47 135 
131 135 132 140 
134 146 133 141 
-1 137 130 138 
136 140 131 139 
-1 139 136 160 
138 142 137 161 
137 141 134 142 
140 152 135 143 
139 143 140 164 
142 154 141 165 
133 145 58 146 
144 148 59 147 
135 147 144 152 
146 150 145 153 
145 149 62 150 
148 192 63 151 
147 151 148 156 
150 194 149 157 
141 153 146 154 
152 156 147 155 
143 155 152 176 
154 158 153 177 
153 157 150 158 
156 200 151 159 
155 159 156 180 
158 202 157 181 
-1 161 138 162 
160 164 139 163 
-1 163 160 168 
162 166 161 169 
161 165 142 166 
164 176 143 167 
163 167 164 172 
166 178 165 173 
-1 169 162 170 
168 172 163 171 
-1 171 168 512 
170 174 169 513 
169 173 166 174 
172 184 167 175 
171 175 172 516 
174 186 173 517 
165 177 154 178 
176 180 155 179 
167 179 176 184 
178 182 177 185 
177 181 158 182 
180 224 159 183 
179 183 180 188 
182 226 181 189 
173 185 178 186 
184 188 179 187 
175 187 184 528 
186 190 185 529 
185 189 182 190 
188 232 183 191 
187 191 188 532 
190 234 189 533 
149 193 106 194 
192 196 107 195 
151 195 192 200 
194 198 193 201 
193 197 110 198 
196 208 111 199 
195 199 196 204 
198 210 197 205 
157 201 194 202 
200 204 195 203 
159 203 200 224 
202 206 201 225 
201 205 198 206 
204 216 199 207 
203 207 204 228 
206 218 205 229 
197 209 122 210 
208 212 123 211 
199 211 208 216 
210 214 209 217 
209 213 126 214 
212 384 127 215 
211 215 212 220 
214 386 213 221 
205 217 210 218 
216 220 211 219 
207 219 216 240 
218 222 217 241 
217 221 214 222 
220 392 215 223 
219 223 220 244 
222 394 221 245 
181 225 202 226 
224 228 203 227 
183 227 224 232 
226 230 225 233 
225 229 206 230 
228 240 207 231 
227 231 228 236 
230 242 229 237 
189 233 226 234 
232 236 227 235 
191 235 232 576 
234 238 233 577 
233 237 230 238 
236 248 231 239 
235 239 236 580 
238 250 237 581 
229 241 218 242 
240 244 219 243 
231 243 240 248 
242 246 241 249 
241 245 222 246 
244 416 223 247 
243 247 244 252 
246 418 245 253 
237 249 242 250 
248 252 243 251 
239 251 248 592 
250 254 249 593 
249 253 246 254 
252 424 247 255 
251 255 252 596 
254 426 253 597 
85 257 -1 258 
256 260 -1 259 
87 259 256 264 
258 262 257 265 
257 261 -1 262 
260 272 -1 263 
259 263 260 268 
262 274 261 269 
93 265 258 266 
264 268 259 267 
95 267 264 288 
266 270 265 289 
265 269 262 270 
268 280 263 271 
267 271 268 292 
270 282 269 293 
261 273 -1 274 
272 276 -1 275 
263 275 272 280 
274 278 273 281 
273 277 -1 278 
276 320 -1 279 
275 279 276 284 
278 322 277 285 
269 281 274 282 
280 284 275 283 
271 283 280 304 
282 286 281 305 
281 285 278 286 
284 328 279 287 
283 287 284 308 
286 330 285 309 
117 289 266 290 
288 292 267 291 
119 291 288 296 
290 294 289 297 
289 293 270 294 
292 304 271 295 
291 295 292 300 
294 306 293 301 
125 297 290 298 
296 300 291 299 
127 299 296 384 
298 302 297 385 
297 301 294 302 
300 312 295 303 
299 303 300 388 
302 314 301 389 
293 305 282 306 
304 308 283 307 
295 307 304 312 
306 310 305 313 
305 309 286 310 
308 352 287 311 
307 311 308 316 
310 354 309 317 
301 313 306 314 
312 316 307 315 
303 315 312 400 
314 318 313 401 
313 317 310 318 
316 360 311 319 
315 319 316 404 
318 362 317 405 
277 321 -1 322 
320 324 -1 323 
279 323 320 328 
322 326 321 329 
321 325 -1 326 
324 336 -1 327 
323 327 324 332 
326 338 325 333 
285 329 322 330 
328 332 323 331 
287 331 328 352 
330 334 329 353 
329 333 326 334 
332 344 327 335 
331 335 332 356 
334 346 333 357 
325 337 -1 338 
336 340 -1 339 
327 339 336 344 
338 342 337 345 
337 341 -1 342 
340 -1 -1 343 
339 343 340 348 
342 -1 341 349 
333 345 338 346 
344 348 339 347 
335 347 344 368 
346 350 345 369 
345 349 342 350 
348 -1 343 351 
347 351 348 372 
350 -1 349 373 
309 353 330 354 
352 356 331 355 
311 355 352 360 
354 358 353 361 
353 357 334 358 
356 368 335 359 
355 359 356 364 
358 370 357 365 
317 361 354 362 
360 364 355 363 
319 363 360 448 
362 366 361 449 
361 365 358 366 
364 376 359 367 
363 367 364 452 
366 378 365 453 
357 369 346 370 
368 372 347 371 
359 371 368 376 
370 374 369 377 
369 373 350 374 
372 -1 351 375 
371 375 372 380 
374 -1 373 381 
365 377 370 378 
376 380 371 379 
367 379 376 464 
378 382 377 465 
377 381 374 382 
380 -1 375 383 
379 383 380 468 
382 -1 381 469 
213 385 298 386 
384 388 299 387 
215 387 384 392 
386 390 385 393 
385 389 302 390 
388 400 303 391 
387 391 388 396 
390 402 389 397 
221 393 386 394 
392 396 387 395 
223 395 392 416 
394 398 393 417 
393 397 390 398 
396 408 391 399 
395 399 396 420 
398 410 397 421 
389 401 314 402 
400 404 315 403 
391 403 400 408 
402 406 401 409 
401 405 318 406 
404 448 319 407 
403 407 404 412 
406 450 405 413 
397 409 402 410 
408 412 403 411 
399 411 408 432 
410 414 409 433 
409 413 406 414 
412 456 407 415 
411 415 412 436 
414 458 413 437 
245 417 394 418 
416 420 395 419 
247 419 416 424 
418 422 417 425 
417 421 398 422 
420 432 399 423 
419 423 420 428 
422 434 421 429 
253 425 418 426 
424 428 419 427 
255 427 424 768 
426 430 425 769 
425 429 422 430 
428 440 423 431 
427 431 428 772 
430 442 429 773 
421 433 410 434 
432 436 411 435 
423 435 432 440 
434 438 433 441 
433 437 414 438 
436 480 415 439 
435 439 436 444 
438 482 437 445 
429 441 434 442 
440 444 435 443 
431 443 440 784 
442 446 441 785 
441 445 438 446 
444 488 439 447 
443 447 444 788 
446 490 445 789 
405 449 362 450 
448 452 363 451 
407 451 448 456 
450 454 449 457 
449 453 366 454 
452 464 367 455 
451 455 452 460 
454 466 453 461 
413 457 450 458 
456 460 451 459 
415 459 456 480 
458 462 457 481 
457 461 454 462 
460 472 455 463 
459 463 460 484 
462 474 461 485 
453 465 378 466 
464 468 379 467 
455 467 464 472 
466 470 465 473 
465 469 382 470 
468 -1 383 471 
467 471 468 476 
470 -1 469 477 
461 473 466 474 
472 476 467 475 
463 475 472 496 
474 478 473 497 
473 477 470 478 
476 -1 471 479 
475 479 476 500 
478 -1 477 501 
437 481 458 482 
480 484 459 483 
439 483 480 488 
482 486 481 489 
481 485 462 486 
484 496 463 487 
483 487 484 492 
486 498 485 493 
445 489 482 490 
488 492 483 491 
447 491 488 832 
490 494 489 833 
489 493 486 494 
492 504 487 495 
491 495 492 836 
494 506 493 837 
485 497 474 498 
496 500 475 499 
487 499 496 504 
498 502 497 505 
497 501 478 502 
500 -1 479 503 
499 503 500 508 
502 -1 501 509 
493 505 498 506 
504 508 499 507 
495 507 504 848 
506 510 505 849 
505 509 502 510 
508 -1 503 511 
507 511 508 852 
510 -1 509 853 
-1 513 170 514 
512 516 171 515 
-1 515 512 520 
514 518 513 521 
513 517 174 518 
516 528 175 519 
515 519 516 524 
518 530 517 525 
-1 521 514 522 
520 524 515 523 
-1 523 520 544 
522 526 521 545 
521 525 518 526 
524 536 519 527 
523 527 524 548 
526 538 525 549 
517 529 186 530 
528 532 187 531 
519 531 528 536 
530 534 529 537 
529 533 190 534 
532 576 191 535 
531 535 532 540 
534 578 533 541 
525 537 530 538 
536 540 531 539 
527 539 536 560 
538 542 537 561 
537 541 534 542 
540 584 535 543 
539 543 540 564 
542 586 541 565 
-1 545 522 546 
544 548 523 547 
-1 547 544 552 
546 550 545 553 
545 549 526 550 
548 560 527 551 
547 551 548 556 
550 562 549 557 
-1 553 546 554 
552 556 547 555 
-1 555 552 640 
554 558 553 641 
553 557 550 558 
556 568 551 559 
555 559 556 644 
558 570 557 645 
549 561 538 562 
560 564 539 563 
551 563 560 568 
562 566 561 569 
561 565 542 566 
564 608 543 567 
563 567 564 572 
566 610 565 573 
557 569 562 570 
568 572 563 571 
559 571 568 656 
570 574 569 657 
569 573 566 574 
572 616 567 575 
571 575 572 660 
574 618 573 661 
533 577 234 578 
576 580 235 579 
535 579 576 584 
578 582 577 585 
577 581 238 582 
580 592 239 583 
579 583 580 588 
582 594 581 589 
541 585 578 586 
584 588 579 587 
543 587 584 608 
586 590 585 609 
585 589 582 590 
588 600 583 591 
587 591 588 612 
590 602 589 613 
581 593 250 594 
592 596 251 595 
583 595 592 600 
594 598 593 601 
593 597 254 598 
596 768 255 599 
595 599 596 604 
598 770 597 605 
589 601 594 602 
600 604 595 603 
591 603 600 624 
602 606 601 625 
601 605 598 606 
604 776 599 607 
603 607 604 628 
606 778 605 629 
565 609 586 610 
608 612 587 611 
567 611 608 616 
610 614 609 617 
609 613 590 614 
612 624 591 615 
611 615 612 620 
614 626 613 621 
573 617 610 618 
616 620 611 619 
575 619 616 704 
618 622 617 705 
617 621 614 622 
620 632 615 623 
619 623 620 708 
622 634 621 709 
613 625 602 626 
624 628 603 627 
615 627 624 632 
626 630 625 633 
625 629 606 630 
628 800 607 631 
627 631 628 636 
630 802 629 637 
621 633 626 634 
632 636 627 635 
623 635 632 720 
634 638 633 721 
633 637 630 638 
636 808 631 639 
635 639 636 724 
638 810 637 725 
-1 641 554 642 
640 644 555 643 
-1 643 640 648 
642 646 641 649 
641 645 558 646 
644 656 559 647 
643 647 644 652 
646 658 645 653 
-1 649 642 650 
648 652 643 651 
-1 651 648 672 
650 654 649 673 
649 653 646 654 
652 664 647 655 
651 655 652 676 
654 666 653 677 
645 657 570 658 
656 660 571 659 
647 659 656 664 
658 662 657 665 
657 661 574 662 
660 704 575 663 
659 663 660 668 
662 706 661 669 
653 665 658 666 
664 668 659 667 
655 667 664 688 
666 670 665 689 
665 669 662 670 
668 712 663 671 
667 671 668 692 
670 714 669 693 
-1 673 650 674 
672 676 651 675 
-1 675 672 680 
674 678 673 681 
673 677 654 678 
676 688 655 679 
675 679 676 684 
678 690 677 685 
-1 681 674 682 
680 684 675 683 
-1 683 680 -1 
682 686 681 -1 
681 685 678 686 
684 696 679 687 
683 687 684 -1 
686 698 685 -1 
677 689 666 690 
688 692 667 691 
679 691 688 696 
690 694 689 697 
689 693 670 694 
692 736 671 695 
691 695 692 700 
694 738 693 701 
685 697 690 698 
696 700 691 699 
687 699 696 -1 
698 702 697 -1 
697 701 694 702 
700 744 695 703 
699 703 700 -1 
702 746 701 -1 
661 705 618 706 
704 708 619 707 
663 707 704 712 
706 710 705 713 
705 709 622 710 
708 720 623 711 
707 711 708 716 
710 722 709 717 
669 713 706 714 
712 716 707 715 
671 715 712 736 
714 718 713 737 
713 717 710 718 
716 728 711 719 
715 719 716 740 
718 730 717 741 
709 721 634 722 
720 724 635 723 
711 723 720 728 
722 726 721 729 
721 725 638 726 
724 896 639 727 
723 727 724 732 
726 898 725 733 
717 729 722 730 
728 732 723 731 
719 731 728 752 
730 734 729 753 
729 733 726 734 
732 904 727 735 
731 735 732 756 
734 906 733 757 
693 737 714 738 
736 740 715 739 
695 739 736 744 
738 742 737 745 
737 741 718 742 
740 752 719 743 
739 743 740 748 
742 754 741 749 
701 745 738 746 
744 748 739 747 
703 747 744 -1 
746 750 745 -1 
745 749 742 750 
748 760 743 751 
747 751 748 -1 
750 762 749 -1 
741 753 730 754 
752 756 731 755 
743 755 752 760 
754 758 753 761 
753 757 734 758 
756 928 735 759 
755 759 756 764 
758 930 757 765 
749 761 754 762 
760 764 755 763 
751 763 760 -1 
762 766 761 -1 
761 765 758 766 
764 936 759 767 
763 767 764 -1 
766 938 765 -1 
597 769 426 770 
768 772 427 771 
599 771 768 776 
770 774 769 777 
769 773 430 774 
772 784 431 775 
771 775 772 780 
774 786 773 781 
605 777 770 778 
776 780 771 779 
607 779 776 800 
778 782 777 801 
777 781 774 782 
780 792 775 783 
779 783 780 804 
782 794 781 805 
773 785 442 786 
784 788 443 787 
775 787 784 792 
786 790 785 793 
785 789 446 790 
788 832 447 791 
787 791 788 796 
790 834 789 797 
781 793 786 794 
792 796 787 795 
783 795 792 816 
794 798 793 817 
793 797 790 798 
796 840 791 799 
795 799 796 820 
798 842 797 821 
629 801 778 802 
800 804 779 803 
631 803 800 808 
802 806 801 809 
801 805 782 806 
804 816 783 807 
803 807 804 812 
806 818 805 813 
637 809 802 810 
808 812 803 811 
639 811 808 896 
810 814 809 897 
809 813 806 814 
812 824 807 815 
811 815 812 900 
814 826 813 901 
805 817 794 818 
816 820 795 819 
807 819 816 824 
818 822 817 825 
817 821 798 822 
820 864 799 823 
819 823 820 828 
822 866 821 829 
813 825 818 826 
824 828 819 827 
815 827 824 912 
826 830 825 913 
825 829 822 830 
828 872 823 831 
827 831 828 916 
830 874 829 917 
789 833 490 834 
832 836 491 835 
791 835 832 840 
834 838 833 841 
833 837 494 838 
836 848 495 839 
835 839 836 844 
838 850 837 845 
797 841 834 842 
840 844 835 843 
799 843 840 864 
842 846 841 865 
841 845 838 846 
844 856 839 847 
843 847 844 868 
846 858 845 869 
837 849 506 850 
848 852 507 851 
839 851 848 856 
850 854 849 857 
849 853 510 854 
852 -1 511 855 
851 855 852 860 
854 -1 853 861 
845 857 850 858 
856 860 851 859 
847 859 856 880 
858 862 857 881 
857 861 854 862 
860 -1 855 863 
859 863 860 884 
862 -1 861 885 
821 865 842 866 
864 868 843 867 
823 867 864 872 
866 870 865 873 
865 869 846 870 
868 880 847 871 
867 871 868 876 
870 882 869 877 
829 873 866 874 
872 876 867 875 
831 875 872 960 
874 878 873 961 
873 877 870 878 
876 888 871 879 
875 879 876 964 
878 890 877 965 
869 881 858 882 
880 884 859 883 
871 883 880 888 
882 886 881 889 
881 885 862 886 
884 -1 863 887 
883 887 884 892 
886 -1 885 893 
877 889 882 890 
888 892 883 891 
879 891 888 976 
890 894 889 977 
889 893 886 894 
892 -1 887 895 
891 895 892 980 
894 -1 893 981 
725 897 810 898 
896 900 811 899 
727 899 896 904 
898 902 897 905 
897 901 814 902 
900 912 815 903 
899 903 900 908 
902 914 901 909 
733 905 898 906 
904 908 899 907 
735 907 904 928 
906 910 905 929 
905 909 902 910 
908 920 903 911 
907 911 908 932 
910 922 909 933 
901 913 826 914 
912 916 827 915 
903 915 912 920 
914 918 913 921 
913 917 830 918 
916 960 831 919 
915 919 916 924 
918 962 917 925 
909 921 914 922 
920 924 915 923 
911 923 920 944 
922 926 921 945 
921 925 918 926 
924 968 919 927 
923 927 924 948 
926 970 925 949 
757 929 906 930 
928 932 907 931 
759 931 928 936 
930 934 929 937 
929 933 910 934 
932 944 911 935 
931 935 932 940 
934 946 933 941 
765 937 930 938 
936 940 931 939 
767 939 936 -1 
938 942 937 -1 
937 941 934 942 
940 952 935 943 
939 943 940 -1 
942 954 941 -1 
933 945 922 946 
944 948 923 947 
935 947 944 952 
946 950 945 953 
945 949 926 950 
948 992 927 951 
947 951 948 956 
950 994 949 957 
941 953 946 954 
952 956 947 955 
943 955 952 -1 
954 958 953 -1 
953 957 950 958 
956 1000 951 959 
955 959 956 -1 
958 1002 957 -1 
917 961 874 962 
960 964 875 963 
919 963 960 968 
962 966 961 969 
961 965 878 966 
964 976 879 967 
963 967 964 972 
966 978 965 973 
925 969 962 970 
968 972 963 971 
927 971 968 992 
970 974 969 993 
969 973 966 974 
972 984 967 975 
971 975 972 996 
974 986 973 997 
965 977 890 978 
976 980 891 979 
967 979 976 984 
978 982 977 985 
977 981 894 982 
980 -1 895 983 
979 983 980 988 
982 -1 981 989 
973 985 978 986 
984 988 979 987 
975 987 984 1008 
986 990 985 1009 
985 989 982 990 
988 -1 983 991 
987 991 988 1012 
990 -1 989 1013 
949 993 970 994 
992 996 971 995 
951 995 992 1000 
994 998 993 1001 
993 997 974 998 
996 1008 975 999 
995 999 996 1004 
998 1010 997 1005 
957 1001 994 1002 
1000 1004 995 1003 
959 1003 1000 -1 
1002 1006 1001 -1 
1001 1005 998 1006 
1004 1016 999 1007 
1003 1007 1004 -1 
1006 1018 1005 -1 
997 1009 986 1010 
1008 1012 987 1011 
999 1011 1008 1016 
1010 1014 1009 1017 
1009 1013 990 1014 
1012 -1 991 1015 
1011 1015 1012 1020 
1014 -1 1013 1021 
1005 1017 1010 1018 
1016 1020 1011 1019 
1007 1019 1016 -1 
1018 1022 1017 -1 
1017 1021 1014 1022 
1020 -1 1015 1023 
1019 1023 1020 -1 
1022 -1 1021 -1 
