-1 1 -1 2 
0 4 -1 3 
-1 3 0 8 
2 6 1 9 
1 5 -1 6 
4 16 -1 7 
3 7 4 12 
6 18 5 13 
-1 9 2 10 
8 12 3 11 
-1 11 8 32 
10 14 9 33 
9 13 6 14 
12 24 7 15 
11 15 12 36 
14 26 13 37 
5 17 -1 18 
16 20 -1 19 
7 19 16 24 
18 22 17 25 
17 21 -1 22 
20 64 -1 23 
19 23 20 28 
22 66 21 29 
13 25 18 26 
24 28 19 27 
15 27 24 48 
26 30 25 49 
25 29 22 30 
28 72 23 31 
27 31 28 52 
30 74 29 53 
-1 33 10 34 
32 36 11 35 
-1 35 32 40 
34 38 33 41 
33 37 14 38 
36 48 15 39 
35 39 36 44 
38 50 37 45 
-1 41 34 42 
40 44 35 43 
-1 43 40 128 
42 46 41 129 
41 45 38 46 
44 56 39 47 
43 47 44 132 
46 58 45 133 
37 49 26 50 
48 52 27 51 
39 51 48 56 
50 54 49 57 
49 53 30 54 
52 96 31 55 
51 55 52 60 
54 98 53 61 
45 57 50 58 
56 60 51 59 
47 59 56 144 
58 62 57 145 
57 61 54 62 
60 104 55 63 
59 63 60 148 
62 106 61 149 
21 65 -1 66 
64 68 -1 67 
23 67 64 72 
66 70 65 73 
65 69 -1 70 
68 80 -1 71 
67 71 68 76 
70 82 69 77 
29 73 66 74 
72 76 67 75 
31 75 72 96 
74 78 73 97 
73 77 70 78 
76 88 71 79 
75 79 76 100 
78 90 77 101 
69 81 -1 82 
80 84 -1 83 
71 83 80 88 
82 86 81 89 
81 85 -1 86 
84 256 -1 87 
83 87 84 92 
86 258 85 93 
77 89 82 90 
88 92 83 91 
79 91 88 112 
90 94 89 113 
89 93 86 94 
92 264 87 95 
91 95 92 116 
94 266 93 117 
53 97 74 98 
96 100 75 99 
55 99 96 104 
98 102 97 105 
97 101 78 102 
100 112 79 103 
99 103 100 108 
102 114 101 109 
61 105 98 106 
104 108 99 107 
63 107 104 192 
106 110 105 193 
105 109 102 110 
108 120 103 111 
107 111 108 196 
110 122 109 197 
101 113 90 114 
112 116 91 115 
103 115 112 120 
114 118 113 121 
113 117 94 118 
116 288 95 119 
115 119 116 124 
118 290 117 125 
109 121 114 122 
120 124 115 123 
111 123 120 208 
122 126 121 209 
121 125 118 126 
124 296 119 127 
123 127 124 212 
126 298 125 213 
-1 129 42 130 
128 132 43 131 
-1 131 128 136 
130 134 129 137 
129 133 46 134 
132 144 47 135 
131 135 132 140 
134 146 133 141 
-1 137 130 138 
136 140 131 139 
-1 139 136 160 
138 142 137 161 
137 141 134 142 
140 152 135 143 
139 143 140 164 
142 154 141 165 
133 145 58 146 
144 148 59 147 
135 147 144 152 
146 150 145 153 
145 149 62 150 
148 192 63 151 
147 151 148 156 
150 194 149 157 
141 153 146 154 
152 156 147 155 
143 155 152 176 
154 158 153 177 
153 157 150 158 
156 200 151 159 
155 159 156 180 
158 202 157 181 
-1 161 138 162 
160 164 139 163 
-1 163 160 168 
162 166 161 169 
161 165 142 166 
164 176 143 167 
163 167 164 172 
166 178 165 173 
-1 169 162 170 
168 172 163 171 
-1 171 168 512 
170 174 169 513 
169 173 166 174 
172 184 167 175 
171 175 172 516 
174 186 173 517 
165 177 154 178 
176 180 155 179 
167 179 176 184 
178 182 177 185 
177 181 158 182 
180 224 159 183 
179 183 180 188 
182 226 181 189 
173 185 178 186 
184 188 179 187 
175 187 184 528 
186 190 185 529 
185 189 182 190 
188 232 183 191 
187 191 188 532 
190 234 189 533 
149 193 106 194 
192 196 107 195 
151 195 192 200 
194 198 193 201 
193 197 110 198 
196 208 111 199 
195 199 196 204 
198 210 197 205 
157 201 194 202 
200 204 195 203 
159 203 200 224 
202 206 201 225 
201 205 198 206 
204 216 199 207 
203 207 204 228 
206 218 205 229 
197 209 122 210 
208 212 123 211 
199 211 208 216 
210 214 209 217 
209 213 126 214 
212 384 127 215 
211 215 212 220 
214 386 213 221 
205 217 210 218 
216 220 211 219 
207 219 216 240 
218 222 217 241 
217 221 214 222 
220 392 215 223 
219 223 220 244 
222 394 221 245 
181 225 202 226 
224 228 203 227 
183 227 224 232 
226 230 225 233 
225 229 206 230 
228 240 207 231 
227 231 228 236 
230 242 229 237 
189 233 226 234 
232 236 227 235 
191 235 232 576 
234 238 233 577 
233 237 230 238 
236 248 231 239 
235 239 236 580 
238 250 237 581 
229 241 218 242 
240 244 219 243 
231 243 240 248 
242 246 241 249 
241 245 222 246 
244 416 223 247 
243 247 244 252 
246 418 245 253 
237 249 242 250 
248 252 243 251 
239 251 248 592 
250 254 249 593 
249 253 246 254 
252 424 247 255 
251 255 252 596 
254 426 253 597 
85 257 -1 258 
256 260 -1 259 
87 259 256 264 
258 262 257 265 
257 261 -1 262 
260 272 -1 263 
259 263 260 268 
262 274 261 269 
93 265 258 266 
264 268 259 267 
95 267 264 288 
266 270 265 289 
265 269 262 270 
268 280 263 271 
267 271 268 292 
270 282 269 293 
261 273 -1 274 
272 276 -1 275 
263 275 272 280 
274 278 273 281 
273 277 -1 278 
276 320 -1 279 
275 279 276 284 
278 322 277 285 
269 281 274 282 
280 284 275 283 
271 283 280 304 
282 286 281 305 
281 285 278 286 
284 328 279 287 
283 287 284 308 
286 330 285 309 
117 289 266 290 
288 292 267 291 
119 291 288 296 
290 294 289 297 
289 293 270 294 
292 304 271 295 
291 295 292 300 
294 306 293 301 
125 297 290 298 
296 300 291 299 
127 299 296 384 
298 302 297 385 
297 301 294 302 
300 312 295 303 
299 303 300 388 
302 314 301 389 
293 305 282 306 
304 308 283 307 
295 307 304 312 
306 310 305 313 
305 309 286 310 
308 352 287 311 
307 311 308 316 
310 354 309 317 
301 313 306 314 
312 316 307 315 
303 315 312 400 
314 318 313 401 
313 317 310 318 
316 360 311 319 
315 319 316 404 
318 362 317 405 
277 321 -1 322 
320 324 -1 323 
279 323 320 328 
322 326 321 329 
321 325 -1 326 
324 336 -1 327 
323 327 324 332 
326 338 325 333 
285 329 322 330 
328 332 323 331 
287 331 328 352 
330 334 329 353 
329 333 326 334 
332 344 327 335 
331 335 332 356 
334 346 333 357 
325 337 -1 338 
336 340 -1 339 
327 339 336 344 
338 342 337 345 
337 341 -1 342 
340 1024 -1 343 
339 343 340 348 
342 1026 341 349 
333 345 338 346 
344 348 339 347 
335 347 344 368 
346 350 345 369 
345 349 342 350 
348 1032 343 351 
347 351 348 372 
350 1034 349 373 
309 353 330 354 
352 356 331 355 
311 355 352 360 
354 358 353 361 
353 357 334 358 
356 368 335 359 
355 359 356 364 
358 370 357 365 
317 361 354 362 
360 364 355 363 
319 363 360 448 
362 366 361 449 
361 365 358 366 
364 376 359 367 
363 367 364 452 
366 378 365 453 
357 369 346 370 
368 372 347 371 
359 371 368 376 
370 374 369 377 
369 373 350 374 
372 1056 351 375 
371 375 372 380 
374 1058 373 381 
365 377 370 378 
376 380 371 379 
367 379 376 464 
378 382 377 465 
377 381 374 382 
380 1064 375 383 
379 383 380 468 
382 1066 381 469 
213 385 298 386 
384 388 299 387 
215 387 384 392 
386 390 385 393 
385 389 302 390 
388 400 303 391 
387 391 388 396 
390 402 389 397 
221 393 386 394 
392 396 387 395 
223 395 392 416 
394 398 393 417 
393 397 390 398 
396 408 391 399 
395 399 396 420 
398 410 397 421 
389 401 314 402 
400 404 315 403 
391 403 400 408 
402 406 401 409 
401 405 318 406 
404 448 319 407 
403 407 404 412 
406 450 405 413 
397 409 402 410 
408 412 403 411 
399 411 408 432 
410 414 409 433 
409 413 406 414 
412 456 407 415 
411 415 412 436 
414 458 413 437 
245 417 394 418 
416 420 395 419 
247 419 416 424 
418 422 417 425 
417 421 398 422 
420 432 399 423 
419 423 420 428 
422 434 421 429 
253 425 418 426 
424 428 419 427 
255 427 424 768 
426 430 425 769 
425 429 422 430 
428 440 423 431 
427 431 428 772 
430 442 429 773 
421 433 410 434 
432 436 411 435 
423 435 432 440 
434 438 433 441 
433 437 414 438 
436 480 415 439 
435 439 436 444 
438 482 437 445 
429 441 434 442 
440 444 435 443 
431 443 440 784 
442 446 441 785 
441 445 438 446 
444 488 439 447 
443 447 444 788 
446 490 445 789 
405 449 362 450 
448 452 363 451 
407 451 448 456 
450 454 449 457 
449 453 366 454 
452 464 367 455 
451 455 452 460 
454 466 453 461 
413 457 450 458 
456 460 451 459 
415 459 456 480 
458 462 457 481 
457 461 454 462 
460 472 455 463 
459 463 460 484 
462 474 461 485 
453 465 378 466 
464 468 379 467 
455 467 464 472 
466 470 465 473 
465 469 382 470 
468 1152 383 471 
467 471 468 476 
470 1154 469 477 
461 473 466 474 
472 476 467 475 
463 475 472 496 
474 478 473 497 
473 477 470 478 
476 1160 471 479 
475 479 476 500 
478 1162 477 501 
437 481 458 482 
480 484 459 483 
439 483 480 488 
482 486 481 489 
481 485 462 486 
484 496 463 487 
483 487 484 492 
486 498 485 493 
445 489 482 490 
488 492 483 491 
447 491 488 832 
490 494 489 833 
489 493 486 494 
492 504 487 495 
491 495 492 836 
494 506 493 837 
485 497 474 498 
496 500 475 499 
487 499 496 504 
498 502 497 505 
497 501 478 502 
500 1184 479 503 
499 503 500 508 
502 1186 501 509 
493 505 498 506 
504 508 499 507 
495 507 504 848 
506 510 505 849 
505 509 502 510 
508 1192 503 511 
507 511 508 852 
510 1194 509 853 
-1 513 170 514 
512 516 171 515 
-1 515 512 520 
514 518 513 521 
513 517 174 518 
516 528 175 519 
515 519 516 524 
518 530 517 525 
-1 521 514 522 
520 524 515 523 
-1 523 520 544 
522 526 521 545 
521 525 518 526 
524 536 519 527 
523 527 524 548 
526 538 525 549 
517 529 186 530 
528 532 187 531 
519 531 528 536 
530 534 529 537 
529 533 190 534 
532 576 191 535 
531 535 532 540 
534 578 533 541 
525 537 530 538 
536 540 531 539 
527 539 536 560 
538 542 537 561 
537 541 534 542 
540 584 535 543 
539 543 540 564 
542 586 541 565 
-1 545 522 546 
544 548 523 547 
-1 547 544 552 
546 550 545 553 
545 549 526 550 
548 560 527 551 
547 551 548 556 
550 562 549 557 
-1 553 546 554 
552 556 547 555 
-1 555 552 640 
554 558 553 641 
553 557 550 558 
556 568 551 559 
555 559 556 644 
558 570 557 645 
549 561 538 562 
560 564 539 563 
551 563 560 568 
562 566 561 569 
561 565 542 566 
564 608 543 567 
563 567 564 572 
566 610 565 573 
557 569 562 570 
568 572 563 571 
559 571 568 656 
570 574 569 657 
569 573 566 574 
572 616 567 575 
571 575 572 660 
574 618 573 661 
533 577 234 578 
576 580 235 579 
535 579 576 584 
578 582 577 585 
577 581 238 582 
580 592 239 583 
579 583 580 588 
582 594 581 589 
541 585 578 586 
584 588 579 587 
543 587 584 608 
586 590 585 609 
585 589 582 590 
588 600 583 591 
587 591 588 612 
590 602 589 613 
581 593 250 594 
592 596 251 595 
583 595 592 600 
594 598 593 601 
593 597 254 598 
596 768 255 599 
595 599 596 604 
598 770 597 605 
589 601 594 602 
600 604 595 603 
591 603 600 624 
602 606 601 625 
601 605 598 606 
604 776 599 607 
603 607 604 628 
606 778 605 629 
565 609 586 610 
608 612 587 611 
567 611 608 616 
610 614 609 617 
609 613 590 614 
612 624 591 615 
611 615 612 620 
614 626 613 621 
573 617 610 618 
616 620 611 619 
575 619 616 704 
618 622 617 705 
617 621 614 622 
620 632 615 623 
619 623 620 708 
622 634 621 709 
613 625 602 626 
624 628 603 627 
615 627 624 632 
626 630 625 633 
625 629 606 630 
628 800 607 631 
627 631 628 636 
630 802 629 637 
621 633 626 634 
632 636 627 635 
623 635 632 720 
634 638 633 721 
633 637 630 638 
636 808 631 639 
635 639 636 724 
638 810 637 725 
-1 641 554 642 
640 644 555 643 
-1 643 640 648 
642 646 641 649 
641 645 558 646 
644 656 559 647 
643 647 644 652 
646 658 645 653 
-1 649 642 650 
648 652 643 651 
-1 651 648 672 
650 654 649 673 
649 653 646 654 
652 664 647 655 
651 655 652 676 
654 666 653 677 
645 657 570 658 
656 660 571 659 
647 659 656 664 
658 662 657 665 
657 661 574 662 
660 704 575 663 
659 663 660 668 
662 706 661 669 
653 665 658 666 
664 668 659 667 
655 667 664 688 
666 670 665 689 
665 669 662 670 
668 712 663 671 
667 671 668 692 
670 714 669 693 
-1 673 650 674 
672 676 651 675 
-1 675 672 680 
674 678 673 681 
673 677 654 678 
676 688 655 679 
675 679 676 684 
678 690 677 685 
-1 681 674 682 
680 684 675 683 
-1 683 680 2048 
682 686 681 2049 
681 685 678 686 
684 696 679 687 
683 687 684 2052 
686 698 685 2053 
677 689 666 690 
688 692 667 691 
679 691 688 696 
690 694 689 697 
689 693 670 694 
692 736 671 695 
691 695 692 700 
694 738 693 701 
685 697 690 698 
696 700 691 699 
687 699 696 2064 
698 702 697 2065 
697 701 694 702 
700 744 695 703 
699 703 700 2068 
702 746 701 2069 
661 705 618 706 
704 708 619 707 
663 707 704 712 
706 710 705 713 
705 709 622 710 
708 720 623 711 
707 711 708 716 
710 722 709 717 
669 713 706 714 
712 716 707 715 
671 715 712 736 
714 718 713 737 
713 717 710 718 
716 728 711 719 
715 719 716 740 
718 730 717 741 
709 721 634 722 
720 724 635 723 
711 723 720 728 
722 726 721 729 
721 725 638 726 
724 896 639 727 
723 727 724 732 
726 898 725 733 
717 729 722 730 
728 732 723 731 
719 731 728 752 
730 734 729 753 
729 733 726 734 
732 904 727 735 
731 735 732 756 
734 906 733 757 
693 737 714 738 
736 740 715 739 
695 739 736 744 
738 742 737 745 
737 741 718 742 
740 752 719 743 
739 743 740 748 
742 754 741 749 
701 745 738 746 
744 748 739 747 
703 747 744 2112 
746 750 745 2113 
745 749 742 750 
748 760 743 751 
747 751 748 2116 
750 762 749 2117 
741 753 730 754 
752 756 731 755 
743 755 752 760 
754 758 753 761 
753 757 734 758 
756 928 735 759 
755 759 756 764 
758 930 757 765 
749 761 754 762 
760 764 755 763 
751 763 760 2128 
762 766 761 2129 
761 765 758 766 
764 936 759 767 
763 767 764 2132 
766 938 765 2133 
597 769 426 770 
768 772 427 771 
599 771 768 776 
770 774 769 777 
769 773 430 774 
772 784 431 775 
771 775 772 780 
774 786 773 781 
605 777 770 778 
776 780 771 779 
607 779 776 800 
778 782 777 801 
777 781 774 782 
780 792 775 783 
779 783 780 804 
782 794 781 805 
773 785 442 786 
784 788 443 787 
775 787 784 792 
786 790 785 793 
785 789 446 790 
788 832 447 791 
787 791 788 796 
790 834 789 797 
781 793 786 794 
792 796 787 795 
783 795 792 816 
794 798 793 817 
793 797 790 798 
796 840 791 799 
795 799 796 820 
798 842 797 821 
629 801 778 802 
800 804 779 803 
631 803 800 808 
802 806 801 809 
801 805 782 806 
804 816 783 807 
803 807 804 812 
806 818 805 813 
637 809 802 810 
808 812 803 811 
639 811 808 896 
810 814 809 897 
809 813 806 814 
812 824 807 815 
811 815 812 900 
814 826 813 901 
805 817 794 818 
816 820 795 819 
807 819 816 824 
818 822 817 825 
817 821 798 822 
820 864 799 823 
819 823 820 828 
822 866 821 829 
813 825 818 826 
824 828 819 827 
815 827 824 912 
826 830 825 913 
825 829 822 830 
828 872 823 831 
827 831 828 916 
830 874 829 917 
789 833 490 834 
832 836 491 835 
791 835 832 840 
834 838 833 841 
833 837 494 838 
836 848 495 839 
835 839 836 844 
838 850 837 845 
797 841 834 842 
840 844 835 843 
799 843 840 864 
842 846 841 865 
841 845 838 846 
844 856 839 847 
843 847 844 868 
846 858 845 869 
837 849 506 850 
848 852 507 851 
839 851 848 856 
850 854 849 857 
849 853 510 854 
852 1536 511 855 
851 855 852 860 
854 1538 853 861 
845 857 850 858 
856 860 851 859 
847 859 856 880 
858 862 857 881 
857 861 854 862 
860 1544 855 863 
859 863 860 884 
862 1546 861 885 
821 865 842 866 
864 868 843 867 
823 867 864 872 
866 870 865 873 
865 869 846 870 
868 880 847 871 
867 871 868 876 
870 882 869 877 
829 873 866 874 
872 876 867 875 
831 875 872 960 
874 878 873 961 
873 877 870 878 
876 888 871 879 
875 879 876 964 
878 890 877 965 
869 881 858 882 
880 884 859 883 
871 883 880 888 
882 886 881 889 
881 885 862 886 
884 1568 863 887 
883 887 884 892 
886 1570 885 893 
877 889 882 890 
888 892 883 891 
879 891 888 976 
890 894 889 977 
889 893 886 894 
892 1576 887 895 
891 895 892 980 
894 1578 893 981 
725 897 810 898 
896 900 811 899 
727 899 896 904 
898 902 897 905 
897 901 814 902 
900 912 815 903 
899 903 900 908 
902 914 901 909 
733 905 898 906 
904 908 899 907 
735 907 904 928 
906 910 905 929 
905 909 902 910 
908 920 903 911 
907 911 908 932 
910 922 909 933 
901 913 826 914 
912 916 827 915 
903 915 912 920 
914 918 913 921 
913 917 830 918 
916 960 831 919 
915 919 916 924 
918 962 917 925 
909 921 914 922 
920 924 915 923 
911 923 920 944 
922 926 921 945 
921 925 918 926 
924 968 919 927 
923 927 924 948 
926 970 925 949 
757 929 906 930 
928 932 907 931 
759 931 928 936 
930 934 929 937 
929 933 910 934 
932 944 911 935 
931 935 932 940 
934 946 933 941 
765 937 930 938 
936 940 931 939 
767 939 936 2304 
938 942 937 2305 
937 941 934 942 
940 952 935 943 
939 943 940 2308 
942 954 941 2309 
933 945 922 946 
944 948 923 947 
935 947 944 952 
946 950 945 953 
945 949 926 950 
948 992 927 951 
947 951 948 956 
950 994 949 957 
941 953 946 954 
952 956 947 955 
943 955 952 2320 
954 958 953 2321 
953 957 950 958 
956 1000 951 959 
955 959 956 2324 
958 1002 957 2325 
917 961 874 962 
960 964 875 963 
919 963 960 968 
962 966 961 969 
961 965 878 966 
964 976 879 967 
963 967 964 972 
966 978 965 973 
925 969 962 970 
968 972 963 971 
927 971 968 992 
970 974 969 993 
969 973 966 974 
972 984 967 975 
971 975 972 996 
974 986 973 997 
965 977 890 978 
976 980 891 979 
967 979 976 984 
978 982 977 985 
977 981 894 982 
980 1664 895 983 
979 983 980 988 
982 1666 981 989 
973 985 978 986 
984 988 979 987 
975 987 984 1008 
986 990 985 1009 
985 989 982 990 
988 1672 983 991 
987 991 988 1012 
990 1674 989 1013 
949 993 970 994 
992 996 971 995 
951 995 992 1000 
994 998 993 1001 
993 997 974 998 
996 1008 975 999 
995 999 996 1004 
998 1010 997 1005 
957 1001 994 1002 
1000 1004 995 1003 
959 1003 1000 2368 
1002 1006 1001 2369 
1001 1005 998 1006 
1004 1016 999 1007 
1003 1007 1004 2372 
1006 1018 1005 2373 
997 1009 986 1010 
1008 1012 987 1011 
999 1011 1008 1016 
1010 1014 1009 1017 
1009 1013 990 1014 
1012 1696 991 1015 
1011 1015 1012 1020 
1014 1698 1013 1021 
1005 1017 1010 1018 
1016 1020 1011 1019 
1007 1019 1016 2384 
1018 1022 1017 2385 
1017 1021 1014 1022 
1020 1704 1015 1023 
1019 1023 1020 2388 
1022 1706 1021 2389 
341 1025 -1 1026 
1024 1028 -1 1027 
343 1027 1024 1032 
1026 1030 1025 1033 
1025 1029 -1 1030 
1028 1040 -1 1031 
1027 1031 1028 1036 
1030 1042 1029 1037 
349 1033 1026 1034 
1032 1036 1027 1035 
351 1035 1032 1056 
1034 1038 1033 1057 
1033 1037 1030 1038 
1036 1048 1031 1039 
1035 1039 1036 1060 
1038 1050 1037 1061 
1029 1041 -1 1042 
1040 1044 -1 1043 
1031 1043 1040 1048 
1042 1046 1041 1049 
1041 1045 -1 1046 
1044 1088 -1 1047 
1043 1047 1044 1052 
1046 1090 1045 1053 
1037 1049 1042 1050 
1048 1052 1043 1051 
1039 1051 1048 1072 
1050 1054 1049 1073 
1049 1053 1046 1054 
1052 1096 1047 1055 
1051 1055 1052 1076 
1054 1098 1053 1077 
373 1057 1034 1058 
1056 1060 1035 1059 
375 1059 1056 1064 
1058 1062 1057 1065 
1057 1061 1038 1062 
1060 1072 1039 1063 
1059 1063 1060 1068 
1062 1074 1061 1069 
381 1065 1058 1066 
1064 1068 1059 1067 
383 1067 1064 1152 
1066 1070 1065 1153 
1065 1069 1062 1070 
1068 1080 1063 1071 
1067 1071 1068 1156 
1070 1082 1069 1157 
1061 1073 1050 1074 
1072 1076 1051 1075 
1063 1075 1072 1080 
1074 1078 1073 1081 
1073 1077 1054 1078 
1076 1120 1055 1079 
1075 1079 1076 1084 
1078 1122 1077 1085 
1069 1081 1074 1082 
1080 1084 1075 1083 
1071 1083 1080 1168 
1082 1086 1081 1169 
1081 1085 1078 1086 
1084 1128 1079 1087 
1083 1087 1084 1172 
1086 1130 1085 1173 
1045 1089 -1 1090 
1088 1092 -1 1091 
1047 1091 1088 1096 
1090 1094 1089 1097 
1089 1093 -1 1094 
1092 1104 -1 1095 
1091 1095 1092 1100 
1094 1106 1093 1101 
1053 1097 1090 1098 
1096 1100 1091 1099 
1055 1099 1096 1120 
1098 1102 1097 1121 
1097 1101 1094 1102 
1100 1112 1095 1103 
1099 1103 1100 1124 
1102 1114 1101 1125 
1093 1105 -1 1106 
1104 1108 -1 1107 
1095 1107 1104 1112 
1106 1110 1105 1113 
1105 1109 -1 1110 
1108 1280 -1 1111 
1107 1111 1108 1116 
1110 1282 1109 1117 
1101 1113 1106 1114 
1112 1116 1107 1115 
1103 1115 1112 1136 
1114 1118 1113 1137 
1113 1117 1110 1118 
1116 1288 1111 1119 
1115 1119 1116 1140 
1118 1290 1117 1141 
1077 1121 1098 1122 
1120 1124 1099 1123 
1079 1123 1120 1128 
1122 1126 1121 1129 
1121 1125 1102 1126 
1124 1136 1103 1127 
1123 1127 1124 1132 
1126 1138 1125 1133 
1085 1129 1122 1130 
1128 1132 1123 1131 
1087 1131 1128 1216 
1130 1134 1129 1217 
1129 1133 1126 1134 
1132 1144 1127 1135 
1131 1135 1132 1220 
1134 1146 1133 1221 
1125 1137 1114 1138 
1136 1140 1115 1139 
1127 1139 1136 1144 
1138 1142 1137 1145 
1137 1141 1118 1142 
1140 1312 1119 1143 
1139 1143 1140 1148 
1142 1314 1141 1149 
1133 1145 1138 1146 
1144 1148 1139 1147 
1135 1147 1144 1232 
1146 1150 1145 1233 
1145 1149 1142 1150 
1148 1320 1143 1151 
1147 1151 1148 1236 
1150 1322 1149 1237 
469 1153 1066 1154 
1152 1156 1067 1155 
471 1155 1152 1160 
1154 1158 1153 1161 
1153 1157 1070 1158 
1156 1168 1071 1159 
1155 1159 1156 1164 
1158 1170 1157 1165 
477 1161 1154 1162 
1160 1164 1155 1163 
479 1163 1160 1184 
1162 1166 1161 1185 
1161 1165 1158 1166 
1164 1176 1159 1167 
1163 1167 1164 1188 
1166 1178 1165 1189 
1157 1169 1082 1170 
1168 1172 1083 1171 
1159 1171 1168 1176 
1170 1174 1169 1177 
1169 1173 1086 1174 
1172 1216 1087 1175 
1171 1175 1172 1180 
1174 1218 1173 1181 
1165 1177 1170 1178 
1176 1180 1171 1179 
1167 1179 1176 1200 
1178 1182 1177 1201 
1177 1181 1174 1182 
1180 1224 1175 1183 
1179 1183 1180 1204 
1182 1226 1181 1205 
501 1185 1162 1186 
1184 1188 1163 1187 
503 1187 1184 1192 
1186 1190 1185 1193 
1185 1189 1166 1190 
1188 1200 1167 1191 
1187 1191 1188 1196 
1190 1202 1189 1197 
509 1193 1186 1194 
1192 1196 1187 1195 
511 1195 1192 1536 
1194 1198 1193 1537 
1193 1197 1190 1198 
1196 1208 1191 1199 
1195 1199 1196 1540 
1198 1210 1197 1541 
1189 1201 1178 1202 
1200 1204 1179 1203 
1191 1203 1200 1208 
1202 1206 1201 1209 
1201 1205 1182 1206 
1204 1248 1183 1207 
1203 1207 1204 1212 
1206 1250 1205 1213 
1197 1209 1202 1210 
1208 1212 1203 1211 
1199 1211 1208 1552 
1210 1214 1209 1553 
1209 1213 1206 1214 
1212 1256 1207 1215 
1211 1215 1212 1556 
1214 1258 1213 1557 
1173 1217 1130 1218 
1216 1220 1131 1219 
1175 1219 1216 1224 
1218 1222 1217 1225 
1217 1221 1134 1222 
1220 1232 1135 1223 
1219 1223 1220 1228 
1222 1234 1221 1229 
1181 1225 1218 1226 
1224 1228 1219 1227 
1183 1227 1224 1248 
1226 1230 1225 1249 
1225 1229 1222 1230 
1228 1240 1223 1231 
1227 1231 1228 1252 
1230 1242 1229 1253 
1221 1233 1146 1234 
1232 1236 1147 1235 
1223 1235 1232 1240 
1234 1238 1233 1241 
1233 1237 1150 1238 
1236 1408 1151 1239 
1235 1239 1236 1244 
1238 1410 1237 1245 
1229 1241 1234 1242 
1240 1244 1235 1243 
1231 1243 1240 1264 
1242 1246 1241 1265 
1241 1245 1238 1246 
1244 1416 1239 1247 
1243 1247 1244 1268 
1246 1418 1245 1269 
1205 1249 1226 1250 
1248 1252 1227 1251 
1207 1251 1248 1256 
1250 1254 1249 1257 
1249 1253 1230 1254 
1252 1264 1231 1255 
1251 1255 1252 1260 
1254 1266 1253 1261 
1213 1257 1250 1258 
1256 1260 1251 1259 
1215 1259 1256 1600 
1258 1262 1257 1601 
1257 1261 1254 1262 
1260 1272 1255 1263 
1259 1263 1260 1604 
1262 1274 1261 1605 
1253 1265 1242 1266 
1264 1268 1243 1267 
1255 1267 1264 1272 
1266 1270 1265 1273 
1265 1269 1246 1270 
1268 1440 1247 1271 
1267 1271 1268 1276 
1270 1442 1269 1277 
1261 1273 1266 1274 
1272 1276 1267 1275 
1263 1275 1272 1616 
1274 1278 1273 1617 
1273 1277 1270 1278 
1276 1448 1271 1279 
1275 1279 1276 1620 
1278 1450 1277 1621 
1109 1281 -1 1282 
1280 1284 -1 1283 
1111 1283 1280 1288 
1282 1286 1281 1289 
1281 1285 -1 1286 
1284 1296 -1 1287 
1283 1287 1284 1292 
1286 1298 1285 1293 
1117 1289 1282 1290 
1288 1292 1283 1291 
1119 1291 1288 1312 
1290 1294 1289 1313 
1289 1293 1286 1294 
1292 1304 1287 1295 
1291 1295 1292 1316 
1294 1306 1293 1317 
1285 1297 -1 1298 
1296 1300 -1 1299 
1287 1299 1296 1304 
1298 1302 1297 1305 
1297 1301 -1 1302 
1300 1344 -1 1303 
1299 1303 1300 1308 
1302 1346 1301 1309 
1293 1305 1298 1306 
1304 1308 1299 1307 
1295 1307 1304 1328 
1306 1310 1305 1329 
1305 1309 1302 1310 
1308 1352 1303 1311 
1307 1311 1308 1332 
1310 1354 1309 1333 
1141 1313 1290 1314 
1312 1316 1291 1315 
1143 1315 1312 1320 
1314 1318 1313 1321 
1313 1317 1294 1318 
1316 1328 1295 1319 
1315 1319 1316 1324 
1318 1330 1317 1325 
1149 1321 1314 1322 
1320 1324 1315 1323 
1151 1323 1320 1408 
1322 1326 1321 1409 
1321 1325 1318 1326 
1324 1336 1319 1327 
1323 1327 1324 1412 
1326 1338 1325 1413 
1317 1329 1306 1330 
1328 1332 1307 1331 
1319 1331 1328 1336 
1330 1334 1329 1337 
1329 1333 1310 1334 
1332 1376 1311 1335 
1331 1335 1332 1340 
1334 1378 1333 1341 
1325 1337 1330 1338 
1336 1340 1331 1339 
1327 1339 1336 1424 
1338 1342 1337 1425 
1337 1341 1334 1342 
1340 1384 1335 1343 
1339 1343 1340 1428 
1342 1386 1341 1429 
1301 1345 -1 1346 
1344 1348 -1 1347 
1303 1347 1344 1352 
1346 1350 1345 1353 
1345 1349 -1 1350 
1348 1360 -1 1351 
1347 1351 1348 1356 
1350 1362 1349 1357 
1309 1353 1346 1354 
1352 1356 1347 1355 
1311 1355 1352 1376 
1354 1358 1353 1377 
1353 1357 1350 1358 
1356 1368 1351 1359 
1355 1359 1356 1380 
1358 1370 1357 1381 
1349 1361 -1 1362 
1360 1364 -1 1363 
1351 1363 1360 1368 
1362 1366 1361 1369 
1361 1365 -1 1366 
1364 -1 -1 1367 
1363 1367 1364 1372 
1366 -1 1365 1373 
1357 1369 1362 1370 
1368 1372 1363 1371 
1359 1371 1368 1392 
1370 1374 1369 1393 
1369 1373 1366 1374 
1372 -1 1367 1375 
1371 1375 1372 1396 
1374 -1 1373 1397 
1333 1377 1354 1378 
1376 1380 1355 1379 
1335 1379 1376 1384 
1378 1382 1377 1385 
1377 1381 1358 1382 
1380 1392 1359 1383 
1379 1383 1380 1388 
1382 1394 1381 1389 
1341 1385 1378 1386 
1384 1388 1379 1387 
1343 1387 1384 1472 
1386 1390 1385 1473 
1385 1389 1382 1390 
1388 1400 1383 1391 
1387 1391 1388 1476 
1390 1402 1389 1477 
1381 1393 1370 1394 
1392 1396 1371 1395 
1383 1395 1392 1400 
1394 1398 1393 1401 
1393 1397 1374 1398 
1396 -1 1375 1399 
1395 1399 1396 1404 
1398 -1 1397 1405 
1389 1401 1394 1402 
1400 1404 1395 1403 
1391 1403 1400 1488 
1402 1406 1401 1489 
1401 1405 1398 1406 
1404 -1 1399 1407 
1403 1407 1404 1492 
1406 -1 1405 1493 
1237 1409 1322 1410 
1408 1412 1323 1411 
1239 1411 1408 1416 
1410 1414 1409 1417 
1409 1413 1326 1414 
1412 1424 1327 1415 
1411 1415 1412 1420 
1414 1426 1413 1421 
1245 1417 1410 1418 
1416 1420 1411 1419 
1247 1419 1416 1440 
1418 1422 1417 1441 
1417 1421 1414 1422 
1420 1432 1415 1423 
1419 1423 1420 1444 
1422 1434 1421 1445 
1413 1425 1338 1426 
1424 1428 1339 1427 
1415 1427 1424 1432 
1426 1430 1425 1433 
1425 1429 1342 1430 
1428 1472 1343 1431 
1427 1431 1428 1436 
1430 1474 1429 1437 
1421 1433 1426 1434 
1432 1436 1427 1435 
1423 1435 1432 1456 
1434 1438 1433 1457 
1433 1437 1430 1438 
1436 1480 1431 1439 
1435 1439 1436 1460 
1438 1482 1437 1461 
1269 1441 1418 1442 
1440 1444 1419 1443 
1271 1443 1440 1448 
1442 1446 1441 1449 
1441 1445 1422 1446 
1444 1456 1423 1447 
1443 1447 1444 1452 
1446 1458 1445 1453 
1277 1449 1442 1450 
1448 1452 1443 1451 
1279 1451 1448 1792 
1450 1454 1449 1793 
1449 1453 1446 1454 
1452 1464 1447 1455 
1451 1455 1452 1796 
1454 1466 1453 1797 
1445 1457 1434 1458 
1456 1460 1435 1459 
1447 1459 1456 1464 
1458 1462 1457 1465 
1457 1461 1438 1462 
1460 1504 1439 1463 
1459 1463 1460 1468 
1462 1506 1461 1469 
1453 1465 1458 1466 
1464 1468 1459 1467 
1455 1467 1464 1808 
1466 1470 1465 1809 
1465 1469 1462 1470 
1468 1512 1463 1471 
1467 1471 1468 1812 
1470 1514 1469 1813 
1429 1473 1386 1474 
1472 1476 1387 1475 
1431 1475 1472 1480 
1474 1478 1473 1481 
1473 1477 1390 1478 
1476 1488 1391 1479 
1475 1479 1476 1484 
1478 1490 1477 1485 
1437 1481 1474 1482 
1480 1484 1475 1483 
1439 1483 1480 1504 
1482 1486 1481 1505 
1481 1485 1478 1486 
1484 1496 1479 1487 
1483 1487 1484 1508 
1486 1498 1485 1509 
1477 1489 1402 1490 
1488 1492 1403 1491 
1479 1491 1488 1496 
1490 1494 1489 1497 
1489 1493 1406 1494 
1492 -1 1407 1495 
1491 1495 1492 1500 
1494 -1 1493 1501 
1485 1497 1490 1498 
1496 1500 1491 1499 
1487 1499 1496 1520 
1498 1502 1497 1521 
1497 1501 1494 1502 
1500 -1 1495 1503 
1499 1503 1500 1524 
1502 -1 1501 1525 
1461 1505 1482 1506 
1504 1508 1483 1507 
1463 1507 1504 1512 
1506 1510 1505 1513 
1505 1509 1486 1510 
1508 1520 1487 1511 
1507 1511 1508 1516 
1510 1522 1509 1517 
1469 1513 1506 1514 
1512 1516 1507 1515 
1471 1515 1512 1856 
1514 1518 1513 1857 
1513 1517 1510 1518 
1516 1528 1511 1519 
1515 1519 1516 1860 
1518 1530 1517 1861 
1509 1521 1498 1522 
1520 1524 1499 1523 
1511 1523 1520 1528 
1522 1526 1521 1529 
1521 1525 1502 1526 
1524 -1 1503 1527 
1523 1527 1524 1532 
1526 -1 1525 1533 
1517 1529 1522 1530 
1528 1532 1523 1531 
1519 1531 1528 1872 
1530 1534 1529 1873 
1529 1533 1526 1534 
1532 -1 1527 1535 
1531 1535 1532 1876 
1534 -1 1533 1877 
853 1537 1194 1538 
1536 1540 1195 1539 
855 1539 1536 1544 
1538 1542 1537 1545 
1537 1541 1198 1542 
1540 1552 1199 1543 
1539 1543 1540 1548 
1542 1554 1541 1549 
861 1545 1538 1546 
1544 1548 1539 1547 
863 1547 1544 1568 
1546 1550 1545 1569 
1545 1549 1542 1550 
1548 1560 1543 1551 
1547 1551 1548 1572 
1550 1562 1549 1573 
1541 1553 1210 1554 
1552 1556 1211 1555 
1543 1555 1552 1560 
1554 1558 1553 1561 
1553 1557 1214 1558 
1556 1600 1215 1559 
1555 1559 1556 1564 
1558 1602 1557 1565 
1549 1561 1554 1562 
1560 1564 1555 1563 
1551 1563 1560 1584 
1562 1566 1561 1585 
1561 1565 1558 1566 
1564 1608 1559 1567 
1563 1567 1564 1588 
1566 1610 1565 1589 
885 1569 1546 1570 
1568 1572 1547 1571 
887 1571 1568 1576 
1570 1574 1569 1577 
1569 1573 1550 1574 
1572 1584 1551 1575 
1571 1575 1572 1580 
1574 1586 1573 1581 
893 1577 1570 1578 
1576 1580 1571 1579 
895 1579 1576 1664 
1578 1582 1577 1665 
1577 1581 1574 1582 
1580 1592 1575 1583 
1579 1583 1580 1668 
1582 1594 1581 1669 
1573 1585 1562 1586 
1584 1588 1563 1587 
1575 1587 1584 1592 
1586 1590 1585 1593 
1585 1589 1566 1590 
1588 1632 1567 1591 
1587 1591 1588 1596 
1590 1634 1589 1597 
1581 1593 1586 1594 
1592 1596 1587 1595 
1583 1595 1592 1680 
1594 1598 1593 1681 
1593 1597 1590 1598 
1596 1640 1591 1599 
1595 1599 1596 1684 
1598 1642 1597 1685 
1557 1601 1258 1602 
1600 1604 1259 1603 
1559 1603 1600 1608 
1602 1606 1601 1609 
1601 1605 1262 1606 
1604 1616 1263 1607 
1603 1607 1604 1612 
1606 1618 1605 1613 
1565 1609 1602 1610 
1608 1612 1603 1611 
1567 1611 1608 1632 
1610 1614 1609 1633 
1609 1613 1606 1614 
1612 1624 1607 1615 
1611 1615 1612 1636 
1614 1626 1613 1637 
1605 1617 1274 1618 
1616 1620 1275 1619 
1607 1619 1616 1624 
1618 1622 1617 1625 
1617 1621 1278 1622 
1620 1792 1279 1623 
1619 1623 1620 1628 
1622 1794 1621 1629 
1613 1625 1618 1626 
1624 1628 1619 1627 
1615 1627 1624 1648 
1626 1630 1625 1649 
1625 1629 1622 1630 
1628 1800 1623 1631 
1627 1631 1628 1652 
1630 1802 1629 1653 
1589 1633 1610 1634 
1632 1636 1611 1635 
1591 1635 1632 1640 
1634 1638 1633 1641 
1633 1637 1614 1638 
1636 1648 1615 1639 
1635 1639 1636 1644 
1638 1650 1637 1645 
1597 1641 1634 1642 
1640 1644 1635 1643 
1599 1643 1640 1728 
1642 1646 1641 1729 
1641 1645 1638 1646 
1644 1656 1639 1647 
1643 1647 1644 1732 
1646 1658 1645 1733 
1637 1649 1626 1650 
1648 1652 1627 1651 
1639 1651 1648 1656 
1650 1654 1649 1657 
1649 1653 1630 1654 
1652 1824 1631 1655 
1651 1655 1652 1660 
1654 1826 1653 1661 
1645 1657 1650 1658 
1656 1660 1651 1659 
1647 1659 1656 1744 
1658 1662 1657 1745 
1657 1661 1654 1662 
1660 1832 1655 1663 
1659 1663 1660 1748 
1662 1834 1661 1749 
981 1665 1578 1666 
1664 1668 1579 1667 
983 1667 1664 1672 
1666 1670 1665 1673 
1665 1669 1582 1670 
1668 1680 1583 1671 
1667 1671 1668 1676 
1670 1682 1669 1677 
989 1673 1666 1674 
1672 1676 1667 1675 
991 1675 1672 1696 
1674 1678 1673 1697 
1673 1677 1670 1678 
1676 1688 1671 1679 
1675 1679 1676 1700 
1678 1690 1677 1701 
1669 1681 1594 1682 
1680 1684 1595 1683 
1671 1683 1680 1688 
1682 1686 1681 1689 
1681 1685 1598 1686 
1684 1728 1599 1687 
1683 1687 1684 1692 
1686 1730 1685 1693 
1677 1689 1682 1690 
1688 1692 1683 1691 
1679 1691 1688 1712 
1690 1694 1689 1713 
1689 1693 1686 1694 
1692 1736 1687 1695 
1691 1695 1692 1716 
1694 1738 1693 1717 
1013 1697 1674 1698 
1696 1700 1675 1699 
1015 1699 1696 1704 
1698 1702 1697 1705 
1697 1701 1678 1702 
1700 1712 1679 1703 
1699 1703 1700 1708 
1702 1714 1701 1709 
1021 1705 1698 1706 
1704 1708 1699 1707 
1023 1707 1704 3072 
1706 1710 1705 3073 
1705 1709 1702 1710 
1708 1720 1703 1711 
1707 1711 1708 3076 
1710 1722 1709 3077 
1701 1713 1690 1714 
1712 1716 1691 1715 
1703 1715 1712 1720 
1714 1718 1713 1721 
1713 1717 1694 1718 
1716 1760 1695 1719 
1715 1719 1716 1724 
1718 1762 1717 1725 
1709 1721 1714 1722 
1720 1724 1715 1723 
1711 1723 1720 3088 
1722 1726 1721 3089 
1721 1725 1718 1726 
1724 1768 1719 1727 
1723 1727 1724 3092 
1726 1770 1725 3093 
1685 1729 1642 1730 
1728 1732 1643 1731 
1687 1731 1728 1736 
1730 1734 1729 1737 
1729 1733 1646 1734 
1732 1744 1647 1735 
1731 1735 1732 1740 
1734 1746 1733 1741 
1693 1737 1730 1738 
1736 1740 1731 1739 
1695 1739 1736 1760 
1738 1742 1737 1761 
1737 1741 1734 1742 
1740 1752 1735 1743 
1739 1743 1740 1764 
1742 1754 1741 1765 
1733 1745 1658 1746 
1744 1748 1659 1747 
1735 1747 1744 1752 
1746 1750 1745 1753 
1745 1749 1662 1750 
1748 1920 1663 1751 
1747 1751 1748 1756 
1750 1922 1749 1757 
1741 1753 1746 1754 
1752 1756 1747 1755 
1743 1755 1752 1776 
1754 1758 1753 1777 
1753 1757 1750 1758 
1756 1928 1751 1759 
1755 1759 1756 1780 
1758 1930 1757 1781 
1717 1761 1738 1762 
1760 1764 1739 1763 
1719 1763 1760 1768 
1762 1766 1761 1769 
1761 1765 1742 1766 
1764 1776 1743 1767 
1763 1767 1764 1772 
1766 1778 1765 1773 
1725 1769 1762 1770 
1768 1772 1763 1771 
1727 1771 1768 3136 
1770 1774 1769 3137 
1769 1773 1766 1774 
1772 1784 1767 1775 
1771 1775 1772 3140 
1774 1786 1773 3141 
1765 1777 1754 1778 
1776 1780 1755 1779 
1767 1779 1776 1784 
1778 1782 1777 1785 
1777 1781 1758 1782 
1780 1952 1759 1783 
1779 1783 1780 1788 
1782 1954 1781 1789 
1773 1785 1778 1786 
1784 1788 1779 1787 
1775 1787 1784 3152 
1786 1790 1785 3153 
1785 1789 1782 1790 
1788 1960 1783 1791 
1787 1791 1788 3156 
1790 1962 1789 3157 
1621 1793 1450 1794 
1792 1796 1451 1795 
1623 1795 1792 1800 
1794 1798 1793 1801 
1793 1797 1454 1798 
1796 1808 1455 1799 
1795 1799 1796 1804 
1798 1810 1797 1805 
1629 1801 1794 1802 
1800 1804 1795 1803 
1631 1803 1800 1824 
1802 1806 1801 1825 
1801 1805 1798 1806 
1804 1816 1799 1807 
1803 1807 1804 1828 
1806 1818 1805 1829 
1797 1809 1466 1810 
1808 1812 1467 1811 
1799 1811 1808 1816 
1810 1814 1809 1817 
1809 1813 1470 1814 
1812 1856 1471 1815 
1811 1815 1812 1820 
1814 1858 1813 1821 
1805 1817 1810 1818 
1816 1820 1811 1819 
1807 1819 1816 1840 
1818 1822 1817 1841 
1817 1821 1814 1822 
1820 1864 1815 1823 
1819 1823 1820 1844 
1822 1866 1821 1845 
1653 1825 1802 1826 
1824 1828 1803 1827 
1655 1827 1824 1832 
1826 1830 1825 1833 
1825 1829 1806 1830 
1828 1840 1807 1831 
1827 1831 1828 1836 
1830 1842 1829 1837 
1661 1833 1826 1834 
1832 1836 1827 1835 
1663 1835 1832 1920 
1834 1838 1833 1921 
1833 1837 1830 1838 
1836 1848 1831 1839 
1835 1839 1836 1924 
1838 1850 1837 1925 
1829 1841 1818 1842 
1840 1844 1819 1843 
1831 1843 1840 1848 
1842 1846 1841 1849 
1841 1845 1822 1846 
1844 1888 1823 1847 
1843 1847 1844 1852 
1846 1890 1845 1853 
1837 1849 1842 1850 
1848 1852 1843 1851 
1839 1851 1848 1936 
1850 1854 1849 1937 
1849 1853 1846 1854 
1852 1896 1847 1855 
1851 1855 1852 1940 
1854 1898 1853 1941 
1813 1857 1514 1858 
1856 1860 1515 1859 
1815 1859 1856 1864 
1858 1862 1857 1865 
1857 1861 1518 1862 
1860 1872 1519 1863 
1859 1863 1860 1868 
1862 1874 1861 1869 
1821 1865 1858 1866 
1864 1868 1859 1867 
1823 1867 1864 1888 
1866 1870 1865 1889 
1865 1869 1862 1870 
1868 1880 1863 1871 
1867 1871 1868 1892 
1870 1882 1869 1893 
1861 1873 1530 1874 
1872 1876 1531 1875 
1863 1875 1872 1880 
1874 1878 1873 1881 
1873 1877 1534 1878 
1876 -1 1535 1879 
1875 1879 1876 1884 
1878 -1 1877 1885 
1869 1881 1874 1882 
1880 1884 1875 1883 
1871 1883 1880 1904 
1882 1886 1881 1905 
1881 1885 1878 1886 
1884 -1 1879 1887 
1883 1887 1884 1908 
1886 -1 1885 1909 
1845 1889 1866 1890 
1888 1892 1867 1891 
1847 1891 1888 1896 
1890 1894 1889 1897 
1889 1893 1870 1894 
1892 1904 1871 1895 
1891 1895 1892 1900 
1894 1906 1893 1901 
1853 1897 1890 1898 
1896 1900 1891 1899 
1855 1899 1896 1984 
1898 1902 1897 1985 
1897 1901 1894 1902 
1900 1912 1895 1903 
1899 1903 1900 1988 
1902 1914 1901 1989 
1893 1905 1882 1906 
1904 1908 1883 1907 
1895 1907 1904 1912 
1906 1910 1905 1913 
1905 1909 1886 1910 
1908 -1 1887 1911 
1907 1911 1908 1916 
1910 -1 1909 1917 
1901 1913 1906 1914 
1912 1916 1907 1915 
1903 1915 1912 2000 
1914 1918 1913 2001 
1913 1917 1910 1918 
1916 -1 1911 1919 
1915 1919 1916 2004 
1918 -1 1917 2005 
1749 1921 1834 1922 
1920 1924 1835 1923 
1751 1923 1920 1928 
1922 1926 1921 1929 
1921 1925 1838 1926 
1924 1936 1839 1927 
1923 1927 1924 1932 
1926 1938 1925 1933 
1757 1929 1922 1930 
1928 1932 1923 1931 
1759 1931 1928 1952 
1930 1934 1929 1953 
1929 1933 1926 1934 
1932 1944 1927 1935 
1931 1935 1932 1956 
1934 1946 1933 1957 
1925 1937 1850 1938 
1936 1940 1851 1939 
1927 1939 1936 1944 
1938 1942 1937 1945 
1937 1941 1854 1942 
1940 1984 1855 1943 
1939 1943 1940 1948 
1942 1986 1941 1949 
1933 1945 1938 1946 
1944 1948 1939 1947 
1935 1947 1944 1968 
1946 1950 1945 1969 
1945 1949 1942 1950 
1948 1992 1943 1951 
1947 1951 1948 1972 
1950 1994 1949 1973 
1781 1953 1930 1954 
1952 1956 1931 1955 
1783 1955 1952 1960 
1954 1958 1953 1961 
1953 1957 1934 1958 
1956 1968 1935 1959 
1955 1959 1956 1964 
1958 1970 1957 1965 
1789 1961 1954 1962 
1960 1964 1955 1963 
1791 1963 1960 3328 
1962 1966 1961 3329 
1961 1965 1958 1966 
1964 1976 1959 1967 
1963 1967 1964 3332 
1966 1978 1965 3333 
1957 1969 1946 1970 
1968 1972 1947 1971 
1959 1971 1968 1976 
1970 1974 1969 1977 
1969 1973 1950 1974 
1972 2016 1951 1975 
1971 1975 1972 1980 
1974 2018 1973 1981 
1965 1977 1970 1978 
1976 1980 1971 1979 
1967 1979 1976 3344 
1978 1982 1977 3345 
1977 1981 1974 1982 
1980 2024 1975 1983 
1979 1983 1980 3348 
1982 2026 1981 3349 
1941 1985 1898 1986 
1984 1988 1899 1987 
1943 1987 1984 1992 
1986 1990 1985 1993 
1985 1989 1902 1990 
1988 2000 1903 1991 
1987 1991 1988 1996 
1990 2002 1989 1997 
1949 1993 1986 1994 
1992 1996 1987 1995 
1951 1995 1992 2016 
1994 1998 1993 2017 
1993 1997 1990 1998 
1996 2008 1991 1999 
1995 1999 1996 2020 
1998 2010 1997 2021 
1989 2001 1914 2002 
2000 2004 1915 2003 
1991 2003 2000 2008 
2002 2006 2001 2009 
2001 2005 1918 2006 
2004 -1 1919 2007 
2003 2007 2004 2012 
2006 -1 2005 2013 
1997 2009 2002 2010 
2008 2012 2003 2011 
1999 2011 2008 2032 
2010 2014 2009 2033 
2009 2013 2006 2014 
2012 -1 2007 2015 
2011 2015 2012 2036 
2014 -1 2013 2037 
1973 2017 1994 2018 
2016 2020 1995 2019 
1975 2019 2016 2024 
2018 2022 2017 2025 
2017 2021 1998 2022 
2020 2032 1999 2023 
2019 2023 2020 2028 
2022 2034 2021 2029 
1981 2025 2018 2026 
2024 2028 2019 2027 
1983 2027 2024 3392 
2026 2030 2025 3393 
2025 2029 2022 2030 
2028 2040 2023 2031 
2027 2031 2028 3396 
2030 2042 2029 3397 
2021 2033 2010 2034 
2032 2036 2011 2035 
2023 2035 2032 2040 
2034 2038 2033 2041 
2033 2037 2014 2038 
2036 -1 2015 2039 
2035 2039 2036 2044 
2038 -1 2037 2045 
2029 2041 2034 2042 
2040 2044 2035 2043 
2031 2043 2040 3408 
2042 2046 2041 3409 
2041 2045 2038 2046 
2044 -1 2039 2047 
2043 2047 2044 3412 
2046 -1 2045 3413 
-1 2049 682 2050 
2048 2052 683 2051 
-1 2051 2048 2056 
2050 2054 2049 2057 
2049 2053 686 2054 
2052 2064 687 2055 
2051 2055 2052 2060 
2054 2066 2053 2061 
-1 2057 2050 2058 
2056 2060 2051 2059 
-1 2059 2056 2080 
2058 2062 2057 2081 
2057 2061 2054 2062 
2060 2072 2055 2063 
2059 2063 2060 2084 
2062 2074 2061 2085 
2053 2065 698 2066 
2064 2068 699 2067 
2055 2067 2064 2072 
2066 2070 2065 2073 
2065 2069 702 2070 
2068 2112 703 2071 
2067 2071 2068 2076 
2070 2114 2069 2077 
2061 2073 2066 2074 
2072 2076 2067 2075 
2063 2075 2072 2096 
2074 2078 2073 2097 
2073 2077 2070 2078 
2076 2120 2071 2079 
2075 2079 2076 2100 
2078 2122 2077 2101 
-1 2081 2058 2082 
2080 2084 2059 2083 
-1 2083 2080 2088 
2082 2086 2081 2089 
2081 2085 2062 2086 
2084 2096 2063 2087 
2083 2087 2084 2092 
2086 2098 2085 2093 
-1 2089 2082 2090 
2088 2092 2083 2091 
-1 2091 2088 2176 
2090 2094 2089 2177 
2089 2093 2086 2094 
2092 2104 2087 2095 
2091 2095 2092 2180 
2094 2106 2093 2181 
2085 2097 2074 2098 
2096 2100 2075 2099 
2087 2099 2096 2104 
2098 2102 2097 2105 
2097 2101 2078 2102 
2100 2144 2079 2103 
2099 2103 2100 2108 
2102 2146 2101 2109 
2093 2105 2098 2106 
2104 2108 2099 2107 
2095 2107 2104 2192 
2106 2110 2105 2193 
2105 2109 2102 2110 
2108 2152 2103 2111 
2107 2111 2108 2196 
2110 2154 2109 2197 
2069 2113 746 2114 
2112 2116 747 2115 
2071 2115 2112 2120 
2114 2118 2113 2121 
2113 2117 750 2118 
2116 2128 751 2119 
2115 2119 2116 2124 
2118 2130 2117 2125 
2077 2121 2114 2122 
2120 2124 2115 2123 
2079 2123 2120 2144 
2122 2126 2121 2145 
2121 2125 2118 2126 
2124 2136 2119 2127 
2123 2127 2124 2148 
2126 2138 2125 2149 
2117 2129 762 2130 
2128 2132 763 2131 
2119 2131 2128 2136 
2130 2134 2129 2137 
2129 2133 766 2134 
2132 2304 767 2135 
2131 2135 2132 2140 
2134 2306 2133 2141 
2125 2137 2130 2138 
2136 2140 2131 2139 
2127 2139 2136 2160 
2138 2142 2137 2161 
2137 2141 2134 2142 
2140 2312 2135 2143 
2139 2143 2140 2164 
2142 2314 2141 2165 
2101 2145 2122 2146 
2144 2148 2123 2147 
2103 2147 2144 2152 
2146 2150 2145 2153 
2145 2149 2126 2150 
2148 2160 2127 2151 
2147 2151 2148 2156 
2150 2162 2149 2157 
2109 2153 2146 2154 
2152 2156 2147 2155 
2111 2155 2152 2240 
2154 2158 2153 2241 
2153 2157 2150 2158 
2156 2168 2151 2159 
2155 2159 2156 2244 
2158 2170 2157 2245 
2149 2161 2138 2162 
2160 2164 2139 2163 
2151 2163 2160 2168 
2162 2166 2161 2169 
2161 2165 2142 2166 
2164 2336 2143 2167 
2163 2167 2164 2172 
2166 2338 2165 2173 
2157 2169 2162 2170 
2168 2172 2163 2171 
2159 2171 2168 2256 
2170 2174 2169 2257 
2169 2173 2166 2174 
2172 2344 2167 2175 
2171 2175 2172 2260 
2174 2346 2173 2261 
-1 2177 2090 2178 
2176 2180 2091 2179 
-1 2179 2176 2184 
2178 2182 2177 2185 
2177 2181 2094 2182 
2180 2192 2095 2183 
2179 2183 2180 2188 
2182 2194 2181 2189 
-1 2185 2178 2186 
2184 2188 2179 2187 
-1 2187 2184 2208 
2186 2190 2185 2209 
2185 2189 2182 2190 
2188 2200 2183 2191 
2187 2191 2188 2212 
2190 2202 2189 2213 
2181 2193 2106 2194 
2192 2196 2107 2195 
2183 2195 2192 2200 
2194 2198 2193 2201 
2193 2197 2110 2198 
2196 2240 2111 2199 
2195 2199 2196 2204 
2198 2242 2197 2205 
2189 2201 2194 2202 
2200 2204 2195 2203 
2191 2203 2200 2224 
2202 2206 2201 2225 
2201 2205 2198 2206 
2204 2248 2199 2207 
2203 2207 2204 2228 
2206 2250 2205 2229 
-1 2209 2186 2210 
2208 2212 2187 2211 
-1 2211 2208 2216 
2210 2214 2209 2217 
2209 2213 2190 2214 
2212 2224 2191 2215 
2211 2215 2212 2220 
2214 2226 2213 2221 
-1 2217 2210 2218 
2216 2220 2211 2219 
-1 2219 2216 2560 
2218 2222 2217 2561 
2217 2221 2214 2222 
2220 2232 2215 2223 
2219 2223 2220 2564 
2222 2234 2221 2565 
2213 2225 2202 2226 
2224 2228 2203 2227 
2215 2227 2224 2232 
2226 2230 2225 2233 
2225 2229 2206 2230 
2228 2272 2207 2231 
2227 2231 2228 2236 
2230 2274 2229 2237 
2221 2233 2226 2234 
2232 2236 2227 2235 
2223 2235 2232 2576 
2234 2238 2233 2577 
2233 2237 2230 2238 
2236 2280 2231 2239 
2235 2239 2236 2580 
2238 2282 2237 2581 
2197 2241 2154 2242 
2240 2244 2155 2243 
2199 2243 2240 2248 
2242 2246 2241 2249 
2241 2245 2158 2246 
2244 2256 2159 2247 
2243 2247 2244 2252 
2246 2258 2245 2253 
2205 2249 2242 2250 
2248 2252 2243 2251 
2207 2251 2248 2272 
2250 2254 2249 2273 
2249 2253 2246 2254 
2252 2264 2247 2255 
2251 2255 2252 2276 
2254 2266 2253 2277 
2245 2257 2170 2258 
2256 2260 2171 2259 
2247 2259 2256 2264 
2258 2262 2257 2265 
2257 2261 2174 2262 
2260 2432 2175 2263 
2259 2263 2260 2268 
2262 2434 2261 2269 
2253 2265 2258 2266 
2264 2268 2259 2267 
2255 2267 2264 2288 
2266 2270 2265 2289 
2265 2269 2262 2270 
2268 2440 2263 2271 
2267 2271 2268 2292 
2270 2442 2269 2293 
2229 2273 2250 2274 
2272 2276 2251 2275 
2231 2275 2272 2280 
2274 2278 2273 2281 
2273 2277 2254 2278 
2276 2288 2255 2279 
2275 2279 2276 2284 
2278 2290 2277 2285 
2237 2281 2274 2282 
2280 2284 2275 2283 
2239 2283 2280 2624 
2282 2286 2281 2625 
2281 2285 2278 2286 
2284 2296 2279 2287 
2283 2287 2284 2628 
2286 2298 2285 2629 
2277 2289 2266 2290 
2288 2292 2267 2291 
2279 2291 2288 2296 
2290 2294 2289 2297 
2289 2293 2270 2294 
2292 2464 2271 2295 
2291 2295 2292 2300 
2294 2466 2293 2301 
2285 2297 2290 2298 
2296 2300 2291 2299 
2287 2299 2296 2640 
2298 2302 2297 2641 
2297 2301 2294 2302 
2300 2472 2295 2303 
2299 2303 2300 2644 
2302 2474 2301 2645 
2133 2305 938 2306 
2304 2308 939 2307 
2135 2307 2304 2312 
2306 2310 2305 2313 
2305 2309 942 2310 
2308 2320 943 2311 
2307 2311 2308 2316 
2310 2322 2309 2317 
2141 2313 2306 2314 
2312 2316 2307 2315 
2143 2315 2312 2336 
2314 2318 2313 2337 
2313 2317 2310 2318 
2316 2328 2311 2319 
2315 2319 2316 2340 
2318 2330 2317 2341 
2309 2321 954 2322 
2320 2324 955 2323 
2311 2323 2320 2328 
2322 2326 2321 2329 
2321 2325 958 2326 
2324 2368 959 2327 
2323 2327 2324 2332 
2326 2370 2325 2333 
2317 2329 2322 2330 
2328 2332 2323 2331 
2319 2331 2328 2352 
2330 2334 2329 2353 
2329 2333 2326 2334 
2332 2376 2327 2335 
2331 2335 2332 2356 
2334 2378 2333 2357 
2165 2337 2314 2338 
2336 2340 2315 2339 
2167 2339 2336 2344 
2338 2342 2337 2345 
2337 2341 2318 2342 
2340 2352 2319 2343 
2339 2343 2340 2348 
2342 2354 2341 2349 
2173 2345 2338 2346 
2344 2348 2339 2347 
2175 2347 2344 2432 
2346 2350 2345 2433 
2345 2349 2342 2350 
2348 2360 2343 2351 
2347 2351 2348 2436 
2350 2362 2349 2437 
2341 2353 2330 2354 
2352 2356 2331 2355 
2343 2355 2352 2360 
2354 2358 2353 2361 
2353 2357 2334 2358 
2356 2400 2335 2359 
2355 2359 2356 2364 
2358 2402 2357 2365 
2349 2361 2354 2362 
2360 2364 2355 2363 
2351 2363 2360 2448 
2362 2366 2361 2449 
2361 2365 2358 2366 
2364 2408 2359 2367 
2363 2367 2364 2452 
2366 2410 2365 2453 
2325 2369 1002 2370 
2368 2372 1003 2371 
2327 2371 2368 2376 
2370 2374 2369 2377 
2369 2373 1006 2374 
2372 2384 1007 2375 
2371 2375 2372 2380 
2374 2386 2373 2381 
2333 2377 2370 2378 
2376 2380 2371 2379 
2335 2379 2376 2400 
2378 2382 2377 2401 
2377 2381 2374 2382 
2380 2392 2375 2383 
2379 2383 2380 2404 
2382 2394 2381 2405 
2373 2385 1018 2386 
2384 2388 1019 2387 
2375 2387 2384 2392 
2386 2390 2385 2393 
2385 2389 1022 2390 
2388 3072 1023 2391 
2387 2391 2388 2396 
2390 3074 2389 2397 
2381 2393 2386 2394 
2392 2396 2387 2395 
2383 2395 2392 2416 
2394 2398 2393 2417 
2393 2397 2390 2398 
2396 3080 2391 2399 
2395 2399 2396 2420 
2398 3082 2397 2421 
2357 2401 2378 2402 
2400 2404 2379 2403 
2359 2403 2400 2408 
2402 2406 2401 2409 
2401 2405 2382 2406 
2404 2416 2383 2407 
2403 2407 2404 2412 
2406 2418 2405 2413 
2365 2409 2402 2410 
2408 2412 2403 2411 
2367 2411 2408 2496 
2410 2414 2409 2497 
2409 2413 2406 2414 
2412 2424 2407 2415 
2411 2415 2412 2500 
2414 2426 2413 2501 
2405 2417 2394 2418 
2416 2420 2395 2419 
2407 2419 2416 2424 
2418 2422 2417 2425 
2417 2421 2398 2422 
2420 3104 2399 2423 
2419 2423 2420 2428 
2422 3106 2421 2429 
2413 2425 2418 2426 
2424 2428 2419 2427 
2415 2427 2424 2512 
2426 2430 2425 2513 
2425 2429 2422 2430 
2428 3112 2423 2431 
2427 2431 2428 2516 
2430 3114 2429 2517 
2261 2433 2346 2434 
2432 2436 2347 2435 
2263 2435 2432 2440 
2434 2438 2433 2441 
2433 2437 2350 2438 
2436 2448 2351 2439 
2435 2439 2436 2444 
2438 2450 2437 2445 
2269 2441 2434 2442 
2440 2444 2435 2443 
2271 2443 2440 2464 
2442 2446 2441 2465 
2441 2445 2438 2446 
2444 2456 2439 2447 
2443 2447 2444 2468 
2446 2458 2445 2469 
2437 2449 2362 2450 
2448 2452 2363 2451 
2439 2451 2448 2456 
2450 2454 2449 2457 
2449 2453 2366 2454 
2452 2496 2367 2455 
2451 2455 2452 2460 
2454 2498 2453 2461 
2445 2457 2450 2458 
2456 2460 2451 2459 
2447 2459 2456 2480 
2458 2462 2457 2481 
2457 2461 2454 2462 
2460 2504 2455 2463 
2459 2463 2460 2484 
2462 2506 2461 2485 
2293 2465 2442 2466 
2464 2468 2443 2467 
2295 2467 2464 2472 
2466 2470 2465 2473 
2465 2469 2446 2470 
2468 2480 2447 2471 
2467 2471 2468 2476 
2470 2482 2469 2477 
2301 2473 2466 2474 
2472 2476 2467 2475 
2303 2475 2472 2816 
2474 2478 2473 2817 
2473 2477 2470 2478 
2476 2488 2471 2479 
2475 2479 2476 2820 
2478 2490 2477 2821 
2469 2481 2458 2482 
2480 2484 2459 2483 
2471 2483 2480 2488 
2482 2486 2481 2489 
2481 2485 2462 2486 
2484 2528 2463 2487 
2483 2487 2484 2492 
2486 2530 2485 2493 
2477 2489 2482 2490 
2488 2492 2483 2491 
2479 2491 2488 2832 
2490 2494 2489 2833 
2489 2493 2486 2494 
2492 2536 2487 2495 
2491 2495 2492 2836 
2494 2538 2493 2837 
2453 2497 2410 2498 
2496 2500 2411 2499 
2455 2499 2496 2504 
2498 2502 2497 2505 
2497 2501 2414 2502 
2500 2512 2415 2503 
2499 2503 2500 2508 
2502 2514 2501 2509 
2461 2505 2498 2506 
2504 2508 2499 2507 
2463 2507 2504 2528 
2506 2510 2505 2529 
2505 2509 2502 2510 
2508 2520 2503 2511 
2507 2511 2508 2532 
2510 2522 2509 2533 
2501 2513 2426 2514 
2512 2516 2427 2515 
2503 2515 2512 2520 
2514 2518 2513 2521 
2513 2517 2430 2518 
2516 3200 2431 2519 
2515 2519 2516 2524 
2518 3202 2517 2525 
2509 2521 2514 2522 
2520 2524 2515 2523 
2511 2523 2520 2544 
2522 2526 2521 2545 
2521 2525 2518 2526 
2524 3208 2519 2527 
2523 2527 2524 2548 
2526 3210 2525 2549 
2485 2529 2506 2530 
2528 2532 2507 2531 
2487 2531 2528 2536 
2530 2534 2529 2537 
2529 2533 2510 2534 
2532 2544 2511 2535 
2531 2535 2532 2540 
2534 2546 2533 2541 
2493 2537 2530 2538 
2536 2540 2531 2539 
2495 2539 2536 2880 
2538 2542 2537 2881 
2537 2541 2534 2542 
2540 2552 2535 2543 
2539 2543 2540 2884 
2542 2554 2541 2885 
2533 2545 2522 2546 
2544 2548 2523 2547 
2535 2547 2544 2552 
2546 2550 2545 2553 
2545 2549 2526 2550 
2548 3232 2527 2551 
2547 2551 2548 2556 
2550 3234 2549 2557 
2541 2553 2546 2554 
2552 2556 2547 2555 
2543 2555 2552 2896 
2554 2558 2553 2897 
2553 2557 2550 2558 
2556 3240 2551 2559 
2555 2559 2556 2900 
2558 3242 2557 2901 
-1 2561 2218 2562 
2560 2564 2219 2563 
-1 2563 2560 2568 
2562 2566 2561 2569 
2561 2565 2222 2566 
2564 2576 2223 2567 
2563 2567 2564 2572 
2566 2578 2565 2573 
-1 2569 2562 2570 
2568 2572 2563 2571 
-1 2571 2568 2592 
2570 2574 2569 2593 
2569 2573 2566 2574 
2572 2584 2567 2575 
2571 2575 2572 2596 
2574 2586 2573 2597 
2565 2577 2234 2578 
2576 2580 2235 2579 
2567 2579 2576 2584 
2578 2582 2577 2585 
2577 2581 2238 2582 
2580 2624 2239 2583 
2579 2583 2580 2588 
2582 2626 2581 2589 
2573 2585 2578 2586 
2584 2588 2579 2587 
2575 2587 2584 2608 
2586 2590 2585 2609 
2585 2589 2582 2590 
2588 2632 2583 2591 
2587 2591 2588 2612 
2590 2634 2589 2613 
-1 2593 2570 2594 
2592 2596 2571 2595 
-1 2595 2592 2600 
2594 2598 2593 2601 
2593 2597 2574 2598 
2596 2608 2575 2599 
2595 2599 2596 2604 
2598 2610 2597 2605 
-1 2601 2594 2602 
2600 2604 2595 2603 
-1 2603 2600 2688 
2602 2606 2601 2689 
2601 2605 2598 2606 
2604 2616 2599 2607 
2603 2607 2604 2692 
2606 2618 2605 2693 
2597 2609 2586 2610 
2608 2612 2587 2611 
2599 2611 2608 2616 
2610 2614 2609 2617 
2609 2613 2590 2614 
2612 2656 2591 2615 
2611 2615 2612 2620 
2614 2658 2613 2621 
2605 2617 2610 2618 
2616 2620 2611 2619 
2607 2619 2616 2704 
2618 2622 2617 2705 
2617 2621 2614 2622 
2620 2664 2615 2623 
2619 2623 2620 2708 
2622 2666 2621 2709 
2581 2625 2282 2626 
2624 2628 2283 2627 
2583 2627 2624 2632 
2626 2630 2625 2633 
2625 2629 2286 2630 
2628 2640 2287 2631 
2627 2631 2628 2636 
2630 2642 2629 2637 
2589 2633 2626 2634 
2632 2636 2627 2635 
2591 2635 2632 2656 
2634 2638 2633 2657 
2633 2637 2630 2638 
2636 2648 2631 2639 
2635 2639 2636 2660 
2638 2650 2637 2661 
2629 2641 2298 2642 
2640 2644 2299 2643 
2631 2643 2640 2648 
2642 2646 2641 2649 
2641 2645 2302 2646 
2644 2816 2303 2647 
2643 2647 2644 2652 
2646 2818 2645 2653 
2637 2649 2642 2650 
2648 2652 2643 2651 
2639 2651 2648 2672 
2650 2654 2649 2673 
2649 2653 2646 2654 
2652 2824 2647 2655 
2651 2655 2652 2676 
2654 2826 2653 2677 
2613 2657 2634 2658 
2656 2660 2635 2659 
2615 2659 2656 2664 
2658 2662 2657 2665 
2657 2661 2638 2662 
2660 2672 2639 2663 
2659 2663 2660 2668 
2662 2674 2661 2669 
2621 2665 2658 2666 
2664 2668 2659 2667 
2623 2667 2664 2752 
2666 2670 2665 2753 
2665 2669 2662 2670 
2668 2680 2663 2671 
2667 2671 2668 2756 
2670 2682 2669 2757 
2661 2673 2650 2674 
2672 2676 2651 2675 
2663 2675 2672 2680 
2674 2678 2673 2681 
2673 2677 2654 2678 
2676 2848 2655 2679 
2675 2679 2676 2684 
2678 2850 2677 2685 
2669 2681 2674 2682 
2680 2684 2675 2683 
2671 2683 2680 2768 
2682 2686 2681 2769 
2681 2685 2678 2686 
2684 2856 2679 2687 
2683 2687 2684 2772 
2686 2858 2685 2773 
-1 2689 2602 2690 
2688 2692 2603 2691 
-1 2691 2688 2696 
2690 2694 2689 2697 
2689 2693 2606 2694 
2692 2704 2607 2695 
2691 2695 2692 2700 
2694 2706 2693 2701 
-1 2697 2690 2698 
2696 2700 2691 2699 
-1 2699 2696 2720 
2698 2702 2697 2721 
2697 2701 2694 2702 
2700 2712 2695 2703 
2699 2703 2700 2724 
2702 2714 2701 2725 
2693 2705 2618 2706 
2704 2708 2619 2707 
2695 2707 2704 2712 
2706 2710 2705 2713 
2705 2709 2622 2710 
2708 2752 2623 2711 
2707 2711 2708 2716 
2710 2754 2709 2717 
2701 2713 2706 2714 
2712 2716 2707 2715 
2703 2715 2712 2736 
2714 2718 2713 2737 
2713 2717 2710 2718 
2716 2760 2711 2719 
2715 2719 2716 2740 
2718 2762 2717 2741 
-1 2721 2698 2722 
2720 2724 2699 2723 
-1 2723 2720 2728 
2722 2726 2721 2729 
2721 2725 2702 2726 
2724 2736 2703 2727 
2723 2727 2724 2732 
2726 2738 2725 2733 
-1 2729 2722 2730 
2728 2732 2723 2731 
-1 2731 2728 -1 
2730 2734 2729 -1 
2729 2733 2726 2734 
2732 2744 2727 2735 
2731 2735 2732 -1 
2734 2746 2733 -1 
2725 2737 2714 2738 
2736 2740 2715 2739 
2727 2739 2736 2744 
2738 2742 2737 2745 
2737 2741 2718 2742 
2740 2784 2719 2743 
2739 2743 2740 2748 
2742 2786 2741 2749 
2733 2745 2738 2746 
2744 2748 2739 2747 
2735 2747 2744 -1 
2746 2750 2745 -1 
2745 2749 2742 2750 
2748 2792 2743 2751 
2747 2751 2748 -1 
2750 2794 2749 -1 
2709 2753 2666 2754 
2752 2756 2667 2755 
2711 2755 2752 2760 
2754 2758 2753 2761 
2753 2757 2670 2758 
2756 2768 2671 2759 
2755 2759 2756 2764 
2758 2770 2757 2765 
2717 2761 2754 2762 
2760 2764 2755 2763 
2719 2763 2760 2784 
2762 2766 2761 2785 
2761 2765 2758 2766 
2764 2776 2759 2767 
2763 2767 2764 2788 
2766 2778 2765 2789 
2757 2769 2682 2770 
2768 2772 2683 2771 
2759 2771 2768 2776 
2770 2774 2769 2777 
2769 2773 2686 2774 
2772 2944 2687 2775 
2771 2775 2772 2780 
2774 2946 2773 2781 
2765 2777 2770 2778 
2776 2780 2771 2779 
2767 2779 2776 2800 
2778 2782 2777 2801 
2777 2781 2774 2782 
2780 2952 2775 2783 
2779 2783 2780 2804 
2782 2954 2781 2805 
2741 2785 2762 2786 
2784 2788 2763 2787 
2743 2787 2784 2792 
2786 2790 2785 2793 
2785 2789 2766 2790 
2788 2800 2767 2791 
2787 2791 2788 2796 
2790 2802 2789 2797 
2749 2793 2786 2794 
2792 2796 2787 2795 
2751 2795 2792 -1 
2794 2798 2793 -1 
2793 2797 2790 2798 
2796 2808 2791 2799 
2795 2799 2796 -1 
2798 2810 2797 -1 
2789 2801 2778 2802 
2800 2804 2779 2803 
2791 2803 2800 2808 
2802 2806 2801 2809 
2801 2805 2782 2806 
2804 2976 2783 2807 
2803 2807 2804 2812 
2806 2978 2805 2813 
2797 2809 2802 2810 
2808 2812 2803 2811 
2799 2811 2808 -1 
2810 2814 2809 -1 
2809 2813 2806 2814 
2812 2984 2807 2815 
2811 2815 2812 -1 
2814 2986 2813 -1 
2645 2817 2474 2818 
2816 2820 2475 2819 
2647 2819 2816 2824 
2818 2822 2817 2825 
2817 2821 2478 2822 
2820 2832 2479 2823 
2819 2823 2820 2828 
2822 2834 2821 2829 
2653 2825 2818 2826 
2824 2828 2819 2827 
2655 2827 2824 2848 
2826 2830 2825 2849 
2825 2829 2822 2830 
2828 2840 2823 2831 
2827 2831 2828 2852 
2830 2842 2829 2853 
2821 2833 2490 2834 
2832 2836 2491 2835 
2823 2835 2832 2840 
2834 2838 2833 2841 
2833 2837 2494 2838 
2836 2880 2495 2839 
2835 2839 2836 2844 
2838 2882 2837 2845 
2829 2841 2834 2842 
2840 2844 2835 2843 
2831 2843 2840 2864 
2842 2846 2841 2865 
2841 2845 2838 2846 
2844 2888 2839 2847 
2843 2847 2844 2868 
2846 2890 2845 2869 
2677 2849 2826 2850 
2848 2852 2827 2851 
2679 2851 2848 2856 
2850 2854 2849 2857 
2849 2853 2830 2854 
2852 2864 2831 2855 
2851 2855 2852 2860 
2854 2866 2853 2861 
2685 2857 2850 2858 
2856 2860 2851 2859 
2687 2859 2856 2944 
2858 2862 2857 2945 
2857 2861 2854 2862 
2860 2872 2855 2863 
2859 2863 2860 2948 
2862 2874 2861 2949 
2853 2865 2842 2866 
2864 2868 2843 2867 
2855 2867 2864 2872 
2866 2870 2865 2873 
2865 2869 2846 2870 
2868 2912 2847 2871 
2867 2871 2868 2876 
2870 2914 2869 2877 
2861 2873 2866 2874 
2872 2876 2867 2875 
2863 2875 2872 2960 
2874 2878 2873 2961 
2873 2877 2870 2878 
2876 2920 2871 2879 
2875 2879 2876 2964 
2878 2922 2877 2965 
2837 2881 2538 2882 
2880 2884 2539 2883 
2839 2883 2880 2888 
2882 2886 2881 2889 
2881 2885 2542 2886 
2884 2896 2543 2887 
2883 2887 2884 2892 
2886 2898 2885 2893 
2845 2889 2882 2890 
2888 2892 2883 2891 
2847 2891 2888 2912 
2890 2894 2889 2913 
2889 2893 2886 2894 
2892 2904 2887 2895 
2891 2895 2892 2916 
2894 2906 2893 2917 
2885 2897 2554 2898 
2896 2900 2555 2899 
2887 2899 2896 2904 
2898 2902 2897 2905 
2897 2901 2558 2902 
2900 3584 2559 2903 
2899 2903 2900 2908 
2902 3586 2901 2909 
2893 2905 2898 2906 
2904 2908 2899 2907 
2895 2907 2904 2928 
2906 2910 2905 2929 
2905 2909 2902 2910 
2908 3592 2903 2911 
2907 2911 2908 2932 
2910 3594 2909 2933 
2869 2913 2890 2914 
2912 2916 2891 2915 
2871 2915 2912 2920 
2914 2918 2913 2921 
2913 2917 2894 2918 
2916 2928 2895 2919 
2915 2919 2916 2924 
2918 2930 2917 2925 
2877 2921 2914 2922 
2920 2924 2915 2923 
2879 2923 2920 3008 
2922 2926 2921 3009 
2921 2925 2918 2926 
2924 2936 2919 2927 
2923 2927 2924 3012 
2926 2938 2925 3013 
2917 2929 2906 2930 
2928 2932 2907 2931 
2919 2931 2928 2936 
2930 2934 2929 2937 
2929 2933 2910 2934 
2932 3616 2911 2935 
2931 2935 2932 2940 
2934 3618 2933 2941 
2925 2937 2930 2938 
2936 2940 2931 2939 
2927 2939 2936 3024 
2938 2942 2937 3025 
2937 2941 2934 2942 
2940 3624 2935 2943 
2939 2943 2940 3028 
2942 3626 2941 3029 
2773 2945 2858 2946 
2944 2948 2859 2947 
2775 2947 2944 2952 
2946 2950 2945 2953 
2945 2949 2862 2950 
2948 2960 2863 2951 
2947 2951 2948 2956 
2950 2962 2949 2957 
2781 2953 2946 2954 
2952 2956 2947 2955 
2783 2955 2952 2976 
2954 2958 2953 2977 
2953 2957 2950 2958 
2956 2968 2951 2959 
2955 2959 2956 2980 
2958 2970 2957 2981 
2949 2961 2874 2962 
2960 2964 2875 2963 
2951 2963 2960 2968 
2962 2966 2961 2969 
2961 2965 2878 2966 
2964 3008 2879 2967 
2963 2967 2964 2972 
2966 3010 2965 2973 
2957 2969 2962 2970 
2968 2972 2963 2971 
2959 2971 2968 2992 
2970 2974 2969 2993 
2969 2973 2966 2974 
2972 3016 2967 2975 
2971 2975 2972 2996 
2974 3018 2973 2997 
2805 2977 2954 2978 
2976 2980 2955 2979 
2807 2979 2976 2984 
2978 2982 2977 2985 
2977 2981 2958 2982 
2980 2992 2959 2983 
2979 2983 2980 2988 
2982 2994 2981 2989 
2813 2985 2978 2986 
2984 2988 2979 2987 
2815 2987 2984 -1 
2986 2990 2985 -1 
2985 2989 2982 2990 
2988 3000 2983 2991 
2987 2991 2988 -1 
2990 3002 2989 -1 
2981 2993 2970 2994 
2992 2996 2971 2995 
2983 2995 2992 3000 
2994 2998 2993 3001 
2993 2997 2974 2998 
2996 3040 2975 2999 
2995 2999 2996 3004 
2998 3042 2997 3005 
2989 3001 2994 3002 
3000 3004 2995 3003 
2991 3003 3000 -1 
3002 3006 3001 -1 
3001 3005 2998 3006 
3004 3048 2999 3007 
3003 3007 3004 -1 
3006 3050 3005 -1 
2965 3009 2922 3010 
3008 3012 2923 3011 
2967 3011 3008 3016 
3010 3014 3009 3017 
3009 3013 2926 3014 
3012 3024 2927 3015 
3011 3015 3012 3020 
3014 3026 3013 3021 
2973 3017 3010 3018 
3016 3020 3011 3019 
2975 3019 3016 3040 
3018 3022 3017 3041 
3017 3021 3014 3022 
3020 3032 3015 3023 
3019 3023 3020 3044 
3022 3034 3021 3045 
3013 3025 2938 3026 
3024 3028 2939 3027 
3015 3027 3024 3032 
3026 3030 3025 3033 
3025 3029 2942 3030 
3028 3712 2943 3031 
3027 3031 3028 3036 
3030 3714 3029 3037 
3021 3033 3026 3034 
3032 3036 3027 3035 
3023 3035 3032 3056 
3034 3038 3033 3057 
3033 3037 3030 3038 
3036 3720 3031 3039 
3035 3039 3036 3060 
3038 3722 3037 3061 
2997 3041 3018 3042 
3040 3044 3019 3043 
2999 3043 3040 3048 
3042 3046 3041 3049 
3041 3045 3022 3046 
3044 3056 3023 3047 
3043 3047 3044 3052 
3046 3058 3045 3053 
3005 3049 3042 3050 
3048 3052 3043 3051 
3007 3051 3048 -1 
3050 3054 3049 -1 
3049 3053 3046 3054 
3052 3064 3047 3055 
3051 3055 3052 -1 
3054 3066 3053 -1 
3045 3057 3034 3058 
3056 3060 3035 3059 
3047 3059 3056 3064 
3058 3062 3057 3065 
3057 3061 3038 3062 
3060 3744 3039 3063 
3059 3063 3060 3068 
3062 3746 3061 3069 
3053 3065 3058 3066 
3064 3068 3059 3067 
3055 3067 3064 -1 
3066 3070 3065 -1 
3065 3069 3062 3070 
3068 3752 3063 3071 
3067 3071 3068 -1 
3070 3754 3069 -1 
2389 3073 1706 3074 
3072 3076 1707 3075 
2391 3075 3072 3080 
3074 3078 3073 3081 
3073 3077 1710 3078 
3076 3088 1711 3079 
3075 3079 3076 3084 
3078 3090 3077 3085 
2397 3081 3074 3082 
3080 3084 3075 3083 
2399 3083 3080 3104 
3082 3086 3081 3105 
3081 3085 3078 3086 
3084 3096 3079 3087 
3083 3087 3084 3108 
3086 3098 3085 3109 
3077 3089 1722 3090 
3088 3092 1723 3091 
3079 3091 3088 3096 
3090 3094 3089 3097 
3089 3093 1726 3094 
3092 3136 1727 3095 
3091 3095 3092 3100 
3094 3138 3093 3101 
3085 3097 3090 3098 
3096 3100 3091 3099 
3087 3099 3096 3120 
3098 3102 3097 3121 
3097 3101 3094 3102 
3100 3144 3095 3103 
3099 3103 3100 3124 
3102 3146 3101 3125 
2421 3105 3082 3106 
3104 3108 3083 3107 
2423 3107 3104 3112 
3106 3110 3105 3113 
3105 3109 3086 3110 
3108 3120 3087 3111 
3107 3111 3108 3116 
3110 3122 3109 3117 
2429 3113 3106 3114 
3112 3116 3107 3115 
2431 3115 3112 3200 
3114 3118 3113 3201 
3113 3117 3110 3118 
3116 3128 3111 3119 
3115 3119 3116 3204 
3118 3130 3117 3205 
3109 3121 3098 3122 
3120 3124 3099 3123 
3111 3123 3120 3128 
3122 3126 3121 3129 
3121 3125 3102 3126 
3124 3168 3103 3127 
3123 3127 3124 3132 
3126 3170 3125 3133 
3117 3129 3122 3130 
3128 3132 3123 3131 
3119 3131 3128 3216 
3130 3134 3129 3217 
3129 3133 3126 3134 
3132 3176 3127 3135 
3131 3135 3132 3220 
3134 3178 3133 3221 
3093 3137 1770 3138 
3136 3140 1771 3139 
3095 3139 3136 3144 
3138 3142 3137 3145 
3137 3141 1774 3142 
3140 3152 1775 3143 
3139 3143 3140 3148 
3142 3154 3141 3149 
3101 3145 3138 3146 
3144 3148 3139 3147 
3103 3147 3144 3168 
3146 3150 3145 3169 
3145 3149 3142 3150 
3148 3160 3143 3151 
3147 3151 3148 3172 
3150 3162 3149 3173 
3141 3153 1786 3154 
3152 3156 1787 3155 
3143 3155 3152 3160 
3154 3158 3153 3161 
3153 3157 1790 3158 
3156 3328 1791 3159 
3155 3159 3156 3164 
3158 3330 3157 3165 
3149 3161 3154 3162 
3160 3164 3155 3163 
3151 3163 3160 3184 
3162 3166 3161 3185 
3161 3165 3158 3166 
3164 3336 3159 3167 
3163 3167 3164 3188 
3166 3338 3165 3189 
3125 3169 3146 3170 
3168 3172 3147 3171 
3127 3171 3168 3176 
3170 3174 3169 3177 
3169 3173 3150 3174 
3172 3184 3151 3175 
3171 3175 3172 3180 
3174 3186 3173 3181 
3133 3177 3170 3178 
3176 3180 3171 3179 
3135 3179 3176 3264 
3178 3182 3177 3265 
3177 3181 3174 3182 
3180 3192 3175 3183 
3179 3183 3180 3268 
3182 3194 3181 3269 
3173 3185 3162 3186 
3184 3188 3163 3187 
3175 3187 3184 3192 
3186 3190 3185 3193 
3185 3189 3166 3190 
3188 3360 3167 3191 
3187 3191 3188 3196 
3190 3362 3189 3197 
3181 3193 3186 3194 
3192 3196 3187 3195 
3183 3195 3192 3280 
3194 3198 3193 3281 
3193 3197 3190 3198 
3196 3368 3191 3199 
3195 3199 3196 3284 
3198 3370 3197 3285 
2517 3201 3114 3202 
3200 3204 3115 3203 
2519 3203 3200 3208 
3202 3206 3201 3209 
3201 3205 3118 3206 
3204 3216 3119 3207 
3203 3207 3204 3212 
3206 3218 3205 3213 
2525 3209 3202 3210 
3208 3212 3203 3211 
2527 3211 3208 3232 
3210 3214 3209 3233 
3209 3213 3206 3214 
3212 3224 3207 3215 
3211 3215 3212 3236 
3214 3226 3213 3237 
3205 3217 3130 3218 
3216 3220 3131 3219 
3207 3219 3216 3224 
3218 3222 3217 3225 
3217 3221 3134 3222 
3220 3264 3135 3223 
3219 3223 3220 3228 
3222 3266 3221 3229 
3213 3225 3218 3226 
3224 3228 3219 3227 
3215 3227 3224 3248 
3226 3230 3225 3249 
3225 3229 3222 3230 
3228 3272 3223 3231 
3227 3231 3228 3252 
3230 3274 3229 3253 
2549 3233 3210 3234 
3232 3236 3211 3235 
2551 3235 3232 3240 
3234 3238 3233 3241 
3233 3237 3214 3238 
3236 3248 3215 3239 
3235 3239 3236 3244 
3238 3250 3237 3245 
2557 3241 3234 3242 
3240 3244 3235 3243 
2559 3243 3240 3584 
3242 3246 3241 3585 
3241 3245 3238 3246 
3244 3256 3239 3247 
3243 3247 3244 3588 
3246 3258 3245 3589 
3237 3249 3226 3250 
3248 3252 3227 3251 
3239 3251 3248 3256 
3250 3254 3249 3257 
3249 3253 3230 3254 
3252 3296 3231 3255 
3251 3255 3252 3260 
3254 3298 3253 3261 
3245 3257 3250 3258 
3256 3260 3251 3259 
3247 3259 3256 3600 
3258 3262 3257 3601 
3257 3261 3254 3262 
3260 3304 3255 3263 
3259 3263 3260 3604 
3262 3306 3261 3605 
3221 3265 3178 3266 
3264 3268 3179 3267 
3223 3267 3264 3272 
3266 3270 3265 3273 
3265 3269 3182 3270 
3268 3280 3183 3271 
3267 3271 3268 3276 
3270 3282 3269 3277 
3229 3273 3266 3274 
3272 3276 3267 3275 
3231 3275 3272 3296 
3274 3278 3273 3297 
3273 3277 3270 3278 
3276 3288 3271 3279 
3275 3279 3276 3300 
3278 3290 3277 3301 
3269 3281 3194 3282 
3280 3284 3195 3283 
3271 3283 3280 3288 
3282 3286 3281 3289 
3281 3285 3198 3286 
3284 3456 3199 3287 
3283 3287 3284 3292 
3286 3458 3285 3293 
3277 3289 3282 3290 
3288 3292 3283 3291 
3279 3291 3288 3312 
3290 3294 3289 3313 
3289 3293 3286 3294 
3292 3464 3287 3295 
3291 3295 3292 3316 
3294 3466 3293 3317 
3253 3297 3274 3298 
3296 3300 3275 3299 
3255 3299 3296 3304 
3298 3302 3297 3305 
3297 3301 3278 3302 
3300 3312 3279 3303 
3299 3303 3300 3308 
3302 3314 3301 3309 
3261 3305 3298 3306 
3304 3308 3299 3307 
3263 3307 3304 3648 
3306 3310 3305 3649 
3305 3309 3302 3310 
3308 3320 3303 3311 
3307 3311 3308 3652 
3310 3322 3309 3653 
3301 3313 3290 3314 
3312 3316 3291 3315 
3303 3315 3312 3320 
3314 3318 3313 3321 
3313 3317 3294 3318 
3316 3488 3295 3319 
3315 3319 3316 3324 
3318 3490 3317 3325 
3309 3321 3314 3322 
3320 3324 3315 3323 
3311 3323 3320 3664 
3322 3326 3321 3665 
3321 3325 3318 3326 
3324 3496 3319 3327 
3323 3327 3324 3668 
3326 3498 3325 3669 
3157 3329 1962 3330 
3328 3332 1963 3331 
3159 3331 3328 3336 
3330 3334 3329 3337 
3329 3333 1966 3334 
3332 3344 1967 3335 
3331 3335 3332 3340 
3334 3346 3333 3341 
3165 3337 3330 3338 
3336 3340 3331 3339 
3167 3339 3336 3360 
3338 3342 3337 3361 
3337 3341 3334 3342 
3340 3352 3335 3343 
3339 3343 3340 3364 
3342 3354 3341 3365 
3333 3345 1978 3346 
3344 3348 1979 3347 
3335 3347 3344 3352 
3346 3350 3345 3353 
3345 3349 1982 3350 
3348 3392 1983 3351 
3347 3351 3348 3356 
3350 3394 3349 3357 
3341 3353 3346 3354 
3352 3356 3347 3355 
3343 3355 3352 3376 
3354 3358 3353 3377 
3353 3357 3350 3358 
3356 3400 3351 3359 
3355 3359 3356 3380 
3358 3402 3357 3381 
3189 3361 3338 3362 
3360 3364 3339 3363 
3191 3363 3360 3368 
3362 3366 3361 3369 
3361 3365 3342 3366 
3364 3376 3343 3367 
3363 3367 3364 3372 
3366 3378 3365 3373 
3197 3369 3362 3370 
3368 3372 3363 3371 
3199 3371 3368 3456 
3370 3374 3369 3457 
3369 3373 3366 3374 
3372 3384 3367 3375 
3371 3375 3372 3460 
3374 3386 3373 3461 
3365 3377 3354 3378 
3376 3380 3355 3379 
3367 3379 3376 3384 
3378 3382 3377 3385 
3377 3381 3358 3382 
3380 3424 3359 3383 
3379 3383 3380 3388 
3382 3426 3381 3389 
3373 3385 3378 3386 
3384 3388 3379 3387 
3375 3387 3384 3472 
3386 3390 3385 3473 
3385 3389 3382 3390 
3388 3432 3383 3391 
3387 3391 3388 3476 
3390 3434 3389 3477 
3349 3393 2026 3394 
3392 3396 2027 3395 
3351 3395 3392 3400 
3394 3398 3393 3401 
3393 3397 2030 3398 
3396 3408 2031 3399 
3395 3399 3396 3404 
3398 3410 3397 3405 
3357 3401 3394 3402 
3400 3404 3395 3403 
3359 3403 3400 3424 
3402 3406 3401 3425 
3401 3405 3398 3406 
3404 3416 3399 3407 
3403 3407 3404 3428 
3406 3418 3405 3429 
3397 3409 2042 3410 
3408 3412 2043 3411 
3399 3411 3408 3416 
3410 3414 3409 3417 
3409 3413 2046 3414 
3412 -1 2047 3415 
3411 3415 3412 3420 
3414 -1 3413 3421 
3405 3417 3410 3418 
3416 3420 3411 3419 
3407 3419 3416 3440 
3418 3422 3417 3441 
3417 3421 3414 3422 
3420 -1 3415 3423 
3419 3423 3420 3444 
3422 -1 3421 3445 
3381 3425 3402 3426 
3424 3428 3403 3427 
3383 3427 3424 3432 
3426 3430 3425 3433 
3425 3429 3406 3430 
3428 3440 3407 3431 
3427 3431 3428 3436 
3430 3442 3429 3437 
3389 3433 3426 3434 
3432 3436 3427 3435 
3391 3435 3432 3520 
3434 3438 3433 3521 
3433 3437 3430 3438 
3436 3448 3431 3439 
3435 3439 3436 3524 
3438 3450 3437 3525 
3429 3441 3418 3442 
3440 3444 3419 3443 
3431 3443 3440 3448 
3442 3446 3441 3449 
3441 3445 3422 3446 
3444 -1 3423 3447 
3443 3447 3444 3452 
3446 -1 3445 3453 
3437 3449 3442 3450 
3448 3452 3443 3451 
3439 3451 3448 3536 
3450 3454 3449 3537 
3449 3453 3446 3454 
3452 -1 3447 3455 
3451 3455 3452 3540 
3454 -1 3453 3541 
3285 3457 3370 3458 
3456 3460 3371 3459 
3287 3459 3456 3464 
3458 3462 3457 3465 
3457 3461 3374 3462 
3460 3472 3375 3463 
3459 3463 3460 3468 
3462 3474 3461 3469 
3293 3465 3458 3466 
3464 3468 3459 3467 
3295 3467 3464 3488 
3466 3470 3465 3489 
3465 3469 3462 3470 
3468 3480 3463 3471 
3467 3471 3468 3492 
3470 3482 3469 3493 
3461 3473 3386 3474 
3472 3476 3387 3475 
3463 3475 3472 3480 
3474 3478 3473 3481 
3473 3477 3390 3478 
3476 3520 3391 3479 
3475 3479 3476 3484 
3478 3522 3477 3485 
3469 3481 3474 3482 
3480 3484 3475 3483 
3471 3483 3480 3504 
3482 3486 3481 3505 
3481 3485 3478 3486 
3484 3528 3479 3487 
3483 3487 3484 3508 
3486 3530 3485 3509 
3317 3489 3466 3490 
3488 3492 3467 3491 
3319 3491 3488 3496 
3490 3494 3489 3497 
3489 3493 3470 3494 
3492 3504 3471 3495 
3491 3495 3492 3500 
3494 3506 3493 3501 
3325 3497 3490 3498 
3496 3500 3491 3499 
3327 3499 3496 3840 
3498 3502 3497 3841 
3497 3501 3494 3502 
3500 3512 3495 3503 
3499 3503 3500 3844 
3502 3514 3501 3845 
3493 3505 3482 3506 
3504 3508 3483 3507 
3495 3507 3504 3512 
3506 3510 3505 3513 
3505 3509 3486 3510 
3508 3552 3487 3511 
3507 3511 3508 3516 
3510 3554 3509 3517 
3501 3513 3506 3514 
3512 3516 3507 3515 
3503 3515 3512 3856 
3514 3518 3513 3857 
3513 3517 3510 3518 
3516 3560 3511 3519 
3515 3519 3516 3860 
3518 3562 3517 3861 
3477 3521 3434 3522 
3520 3524 3435 3523 
3479 3523 3520 3528 
3522 3526 3521 3529 
3521 3525 3438 3526 
3524 3536 3439 3527 
3523 3527 3524 3532 
3526 3538 3525 3533 
3485 3529 3522 3530 
3528 3532 3523 3531 
3487 3531 3528 3552 
3530 3534 3529 3553 
3529 3533 3526 3534 
3532 3544 3527 3535 
3531 3535 3532 3556 
3534 3546 3533 3557 
3525 3537 3450 3538 
3536 3540 3451 3539 
3527 3539 3536 3544 
3538 3542 3537 3545 
3537 3541 3454 3542 
3540 -1 3455 3543 
3539 3543 3540 3548 
3542 -1 3541 3549 
3533 3545 3538 3546 
3544 3548 3539 3547 
3535 3547 3544 3568 
3546 3550 3545 3569 
3545 3549 3542 3550 
3548 -1 3543 3551 
3547 3551 3548 3572 
3550 -1 3549 3573 
3509 3553 3530 3554 
3552 3556 3531 3555 
3511 3555 3552 3560 
3554 3558 3553 3561 
3553 3557 3534 3558 
3556 3568 3535 3559 
3555 3559 3556 3564 
3558 3570 3557 3565 
3517 3561 3554 3562 
3560 3564 3555 3563 
3519 3563 3560 3904 
3562 3566 3561 3905 
3561 3565 3558 3566 
3564 3576 3559 3567 
3563 3567 3564 3908 
3566 3578 3565 3909 
3557 3569 3546 3570 
3568 3572 3547 3571 
3559 3571 3568 3576 
3570 3574 3569 3577 
3569 3573 3550 3574 
3572 -1 3551 3575 
3571 3575 3572 3580 
3574 -1 3573 3581 
3565 3577 3570 3578 
3576 3580 3571 3579 
3567 3579 3576 3920 
3578 3582 3577 3921 
3577 3581 3574 3582 
3580 -1 3575 3583 
3579 3583 3580 3924 
3582 -1 3581 3925 
2901 3585 3242 3586 
3584 3588 3243 3587 
2903 3587 3584 3592 
3586 3590 3585 3593 
3585 3589 3246 3590 
3588 3600 3247 3591 
3587 3591 3588 3596 
3590 3602 3589 3597 
2909 3593 3586 3594 
3592 3596 3587 3595 
2911 3595 3592 3616 
3594 3598 3593 3617 
3593 3597 3590 3598 
3596 3608 3591 3599 
3595 3599 3596 3620 
3598 3610 3597 3621 
3589 3601 3258 3602 
3600 3604 3259 3603 
3591 3603 3600 3608 
3602 3606 3601 3609 
3601 3605 3262 3606 
3604 3648 3263 3607 
3603 3607 3604 3612 
3606 3650 3605 3613 
3597 3609 3602 3610 
3608 3612 3603 3611 
3599 3611 3608 3632 
3610 3614 3609 3633 
3609 3613 3606 3614 
3612 3656 3607 3615 
3611 3615 3612 3636 
3614 3658 3613 3637 
2933 3617 3594 3618 
3616 3620 3595 3619 
2935 3619 3616 3624 
3618 3622 3617 3625 
3617 3621 3598 3622 
3620 3632 3599 3623 
3619 3623 3620 3628 
3622 3634 3621 3629 
2941 3625 3618 3626 
3624 3628 3619 3627 
2943 3627 3624 3712 
3626 3630 3625 3713 
3625 3629 3622 3630 
3628 3640 3623 3631 
3627 3631 3628 3716 
3630 3642 3629 3717 
3621 3633 3610 3634 
3632 3636 3611 3635 
3623 3635 3632 3640 
3634 3638 3633 3641 
3633 3637 3614 3638 
3636 3680 3615 3639 
3635 3639 3636 3644 
3638 3682 3637 3645 
3629 3641 3634 3642 
3640 3644 3635 3643 
3631 3643 3640 3728 
3642 3646 3641 3729 
3641 3645 3638 3646 
3644 3688 3639 3647 
3643 3647 3644 3732 
3646 3690 3645 3733 
3605 3649 3306 3650 
3648 3652 3307 3651 
3607 3651 3648 3656 
3650 3654 3649 3657 
3649 3653 3310 3654 
3652 3664 3311 3655 
3651 3655 3652 3660 
3654 3666 3653 3661 
3613 3657 3650 3658 
3656 3660 3651 3659 
3615 3659 3656 3680 
3658 3662 3657 3681 
3657 3661 3654 3662 
3660 3672 3655 3663 
3659 3663 3660 3684 
3662 3674 3661 3685 
3653 3665 3322 3666 
3664 3668 3323 3667 
3655 3667 3664 3672 
3666 3670 3665 3673 
3665 3669 3326 3670 
3668 3840 3327 3671 
3667 3671 3668 3676 
3670 3842 3669 3677 
3661 3673 3666 3674 
3672 3676 3667 3675 
3663 3675 3672 3696 
3674 3678 3673 3697 
3673 3677 3670 3678 
3676 3848 3671 3679 
3675 3679 3676 3700 
3678 3850 3677 3701 
3637 3681 3658 3682 
3680 3684 3659 3683 
3639 3683 3680 3688 
3682 3686 3681 3689 
3681 3685 3662 3686 
3684 3696 3663 3687 
3683 3687 3684 3692 
3686 3698 3685 3693 
3645 3689 3682 3690 
3688 3692 3683 3691 
3647 3691 3688 3776 
3690 3694 3689 3777 
3689 3693 3686 3694 
3692 3704 3687 3695 
3691 3695 3692 3780 
3694 3706 3693 3781 
3685 3697 3674 3698 
3696 3700 3675 3699 
3687 3699 3696 3704 
3698 3702 3697 3705 
3697 3701 3678 3702 
3700 3872 3679 3703 
3699 3703 3700 3708 
3702 3874 3701 3709 
3693 3705 3698 3706 
3704 3708 3699 3707 
3695 3707 3704 3792 
3706 3710 3705 3793 
3705 3709 3702 3710 
3708 3880 3703 3711 
3707 3711 3708 3796 
3710 3882 3709 3797 
3029 3713 3626 3714 
3712 3716 3627 3715 
3031 3715 3712 3720 
3714 3718 3713 3721 
3713 3717 3630 3718 
3716 3728 3631 3719 
3715 3719 3716 3724 
3718 3730 3717 3725 
3037 3721 3714 3722 
3720 3724 3715 3723 
3039 3723 3720 3744 
3722 3726 3721 3745 
3721 3725 3718 3726 
3724 3736 3719 3727 
3723 3727 3724 3748 
3726 3738 3725 3749 
3717 3729 3642 3730 
3728 3732 3643 3731 
3719 3731 3728 3736 
3730 3734 3729 3737 
3729 3733 3646 3734 
3732 3776 3647 3735 
3731 3735 3732 3740 
3734 3778 3733 3741 
3725 3737 3730 3738 
3736 3740 3731 3739 
3727 3739 3736 3760 
3738 3742 3737 3761 
3737 3741 3734 3742 
3740 3784 3735 3743 
3739 3743 3740 3764 
3742 3786 3741 3765 
3061 3745 3722 3746 
3744 3748 3723 3747 
3063 3747 3744 3752 
3746 3750 3745 3753 
3745 3749 3726 3750 
3748 3760 3727 3751 
3747 3751 3748 3756 
3750 3762 3749 3757 
3069 3753 3746 3754 
3752 3756 3747 3755 
3071 3755 3752 -1 
3754 3758 3753 -1 
3753 3757 3750 3758 
3756 3768 3751 3759 
3755 3759 3756 -1 
3758 3770 3757 -1 
3749 3761 3738 3762 
3760 3764 3739 3763 
3751 3763 3760 3768 
3762 3766 3761 3769 
3761 3765 3742 3766 
3764 3808 3743 3767 
3763 3767 3764 3772 
3766 3810 3765 3773 
3757 3769 3762 3770 
3768 3772 3763 3771 
3759 3771 3768 -1 
3770 3774 3769 -1 
3769 3773 3766 3774 
3772 3816 3767 3775 
3771 3775 3772 -1 
3774 3818 3773 -1 
3733 3777 3690 3778 
3776 3780 3691 3779 
3735 3779 3776 3784 
3778 3782 3777 3785 
3777 3781 3694 3782 
3780 3792 3695 3783 
3779 3783 3780 3788 
3782 3794 3781 3789 
3741 3785 3778 3786 
3784 3788 3779 3787 
3743 3787 3784 3808 
3786 3790 3785 3809 
3785 3789 3782 3790 
3788 3800 3783 3791 
3787 3791 3788 3812 
3790 3802 3789 3813 
3781 3793 3706 3794 
3792 3796 3707 3795 
3783 3795 3792 3800 
3794 3798 3793 3801 
3793 3797 3710 3798 
3796 3968 3711 3799 
3795 3799 3796 3804 
3798 3970 3797 3805 
3789 3801 3794 3802 
3800 3804 3795 3803 
3791 3803 3800 3824 
3802 3806 3801 3825 
3801 3805 3798 3806 
3804 3976 3799 3807 
3803 3807 3804 3828 
3806 3978 3805 3829 
3765 3809 3786 3810 
3808 3812 3787 3811 
3767 3811 3808 3816 
3810 3814 3809 3817 
3809 3813 3790 3814 
3812 3824 3791 3815 
3811 3815 3812 3820 
3814 3826 3813 3821 
3773 3817 3810 3818 
3816 3820 3811 3819 
3775 3819 3816 -1 
3818 3822 3817 -1 
3817 3821 3814 3822 
3820 3832 3815 3823 
3819 3823 3820 -1 
3822 3834 3821 -1 
3813 3825 3802 3826 
3824 3828 3803 3827 
3815 3827 3824 3832 
3826 3830 3825 3833 
3825 3829 3806 3830 
3828 4000 3807 3831 
3827 3831 3828 3836 
3830 4002 3829 3837 
3821 3833 3826 3834 
3832 3836 3827 3835 
3823 3835 3832 -1 
3834 3838 3833 -1 
3833 3837 3830 3838 
3836 4008 3831 3839 
3835 3839 3836 -1 
3838 4010 3837 -1 
3669 3841 3498 3842 
3840 3844 3499 3843 
3671 3843 3840 3848 
3842 3846 3841 3849 
3841 3845 3502 3846 
3844 3856 3503 3847 
3843 3847 3844 3852 
3846 3858 3845 3853 
3677 3849 3842 3850 
3848 3852 3843 3851 
3679 3851 3848 3872 
3850 3854 3849 3873 
3849 3853 3846 3854 
3852 3864 3847 3855 
3851 3855 3852 3876 
3854 3866 3853 3877 
3845 3857 3514 3858 
3856 3860 3515 3859 
3847 3859 3856 3864 
3858 3862 3857 3865 
3857 3861 3518 3862 
3860 3904 3519 3863 
3859 3863 3860 3868 
3862 3906 3861 3869 
3853 3865 3858 3866 
3864 3868 3859 3867 
3855 3867 3864 3888 
3866 3870 3865 3889 
3865 3869 3862 3870 
3868 3912 3863 3871 
3867 3871 3868 3892 
3870 3914 3869 3893 
3701 3873 3850 3874 
3872 3876 3851 3875 
3703 3875 3872 3880 
3874 3878 3873 3881 
3873 3877 3854 3878 
3876 3888 3855 3879 
3875 3879 3876 3884 
3878 3890 3877 3885 
3709 3881 3874 3882 
3880 3884 3875 3883 
3711 3883 3880 3968 
3882 3886 3881 3969 
3881 3885 3878 3886 
3884 3896 3879 3887 
3883 3887 3884 3972 
3886 3898 3885 3973 
3877 3889 3866 3890 
3888 3892 3867 3891 
3879 3891 3888 3896 
3890 3894 3889 3897 
3889 3893 3870 3894 
3892 3936 3871 3895 
3891 3895 3892 3900 
3894 3938 3893 3901 
3885 3897 3890 3898 
3896 3900 3891 3899 
3887 3899 3896 3984 
3898 3902 3897 3985 
3897 3901 3894 3902 
3900 3944 3895 3903 
3899 3903 3900 3988 
3902 3946 3901 3989 
3861 3905 3562 3906 
3904 3908 3563 3907 
3863 3907 3904 3912 
3906 3910 3905 3913 
3905 3909 3566 3910 
3908 3920 3567 3911 
3907 3911 3908 3916 
3910 3922 3909 3917 
3869 3913 3906 3914 
3912 3916 3907 3915 
3871 3915 3912 3936 
3914 3918 3913 3937 
3913 3917 3910 3918 
3916 3928 3911 3919 
3915 3919 3916 3940 
3918 3930 3917 3941 
3909 3921 3578 3922 
3920 3924 3579 3923 
3911 3923 3920 3928 
3922 3926 3921 3929 
3921 3925 3582 3926 
3924 -1 3583 3927 
3923 3927 3924 3932 
3926 -1 3925 3933 
3917 3929 3922 3930 
3928 3932 3923 3931 
3919 3931 3928 3952 
3930 3934 3929 3953 
3929 3933 3926 3934 
3932 -1 3927 3935 
3931 3935 3932 3956 
3934 -1 3933 3957 
3893 3937 3914 3938 
3936 3940 3915 3939 
3895 3939 3936 3944 
3938 3942 3937 3945 
3937 3941 3918 3942 
3940 3952 3919 3943 
3939 3943 3940 3948 
3942 3954 3941 3949 
3901 3945 3938 3946 
3944 3948 3939 3947 
3903 3947 3944 4032 
3946 3950 3945 4033 
3945 3949 3942 3950 
3948 3960 3943 3951 
3947 3951 3948 4036 
3950 3962 3949 4037 
3941 3953 3930 3954 
3952 3956 3931 3955 
3943 3955 3952 3960 
3954 3958 3953 3961 
3953 3957 3934 3958 
3956 -1 3935 3959 
3955 3959 3956 3964 
3958 -1 3957 3965 
3949 3961 3954 3962 
3960 3964 3955 3963 
3951 3963 3960 4048 
3962 3966 3961 4049 
3961 3965 3958 3966 
3964 -1 3959 3967 
3963 3967 3964 4052 
3966 -1 3965 4053 
3797 3969 3882 3970 
3968 3972 3883 3971 
3799 3971 3968 3976 
3970 3974 3969 3977 
3969 3973 3886 3974 
3972 3984 3887 3975 
3971 3975 3972 3980 
3974 3986 3973 3981 
3805 3977 3970 3978 
3976 3980 3971 3979 
3807 3979 3976 4000 
3978 3982 3977 4001 
3977 3981 3974 3982 
3980 3992 3975 3983 
3979 3983 3980 4004 
3982 3994 3981 4005 
3973 3985 3898 3986 
3984 3988 3899 3987 
3975 3987 3984 3992 
3986 3990 3985 3993 
3985 3989 3902 3990 
3988 4032 3903 3991 
3987 3991 3988 3996 
3990 4034 3989 3997 
3981 3993 3986 3994 
3992 3996 3987 3995 
3983 3995 3992 4016 
3994 3998 3993 4017 
3993 3997 3990 3998 
3996 4040 3991 3999 
3995 3999 3996 4020 
3998 4042 3997 4021 
3829 4001 3978 4002 
4000 4004 3979 4003 
3831 4003 4000 4008 
4002 4006 4001 4009 
4001 4005 3982 4006 
4004 4016 3983 4007 
4003 4007 4004 4012 
4006 4018 4005 4013 
3837 4009 4002 4010 
4008 4012 4003 4011 
3839 4011 4008 -1 
4010 4014 4009 -1 
4009 4013 4006 4014 
4012 4024 4007 4015 
4011 4015 4012 -1 
4014 4026 4013 -1 
4005 4017 3994 4018 
4016 4020 3995 4019 
4007 4019 4016 4024 
4018 4022 4017 4025 
4017 4021 3998 4022 
4020 4064 3999 4023 
4019 4023 4020 4028 
4022 4066 4021 4029 
4013 4025 4018 4026 
4024 4028 4019 4027 
4015 4027 4024 -1 
4026 4030 4025 -1 
4025 4029 4022 4030 
4028 4072 4023 4031 
4027 4031 4028 -1 
4030 4074 4029 -1 
3989 4033 3946 4034 
4032 4036 3947 4035 
3991 4035 4032 4040 
4034 4038 4033 4041 
4033 4037 3950 4038 
4036 4048 3951 4039 
4035 4039 4036 4044 
4038 4050 4037 4045 
3997 4041 4034 4042 
4040 4044 4035 4043 
3999 4043 4040 4064 
4042 4046 4041 4065 
4041 4045 4038 4046 
4044 4056 4039 4047 
4043 4047 4044 4068 
4046 4058 4045 4069 
4037 4049 3962 4050 
4048 4052 3963 4051 
4039 4051 4048 4056 
4050 4054 4049 4057 
4049 4053 3966 4054 
4052 -1 3967 4055 
4051 4055 4052 4060 
4054 -1 4053 4061 
4045 4057 4050 4058 
4056 4060 4051 4059 
4047 4059 4056 4080 
4058 4062 4057 4081 
4057 4061 4054 4062 
4060 -1 4055 4063 
4059 4063 4060 4084 
4062 -1 4061 4085 
4021 4065 4042 4066 
4064 4068 4043 4067 
4023 4067 4064 4072 
4066 4070 4065 4073 
4065 4069 4046 4070 
4068 4080 4047 4071 
4067 4071 4068 4076 
4070 4082 4069 4077 
4029 4073 4066 4074 
4072 4076 4067 4075 
4031 4075 4072 -1 
4074 4078 4073 -1 
4073 4077 4070 4078 
4076 4088 4071 4079 
4075 4079 4076 -1 
4078 4090 4077 -1 
4069 4081 4058 4082 
4080 4084 4059 4083 
4071 4083 4080 4088 
4082 4086 4081 4089 
4081 4085 4062 4086 
4084 -1 4063 4087 
4083 4087 4084 4092 
4086 -1 4085 4093 
4077 4089 4082 4090 
4088 4092 4083 4091 
4079 4091 4088 -1 
4090 4094 4089 -1 
4089 4093 4086 4094 
4092 -1 4087 4095 
4091 4095 4092 -1 
4094 -1 4093 -1 
