-1 1 -1 2 
0 4 -1 3 
-1 3 0 8 
2 6 1 9 
1 5 -1 6 
4 16 -1 7 
3 7 4 12 
6 18 5 13 
-1 9 2 10 
8 12 3 11 
-1 11 8 32 
10 14 9 33 
9 13 6 14 
12 24 7 15 
11 15 12 36 
14 26 13 37 
5 17 -1 18 
16 20 -1 19 
7 19 16 24 
18 22 17 25 
17 21 -1 22 
20 64 -1 23 
19 23 20 28 
22 66 21 29 
13 25 18 26 
24 28 19 27 
15 27 24 48 
26 30 25 49 
25 29 22 30 
28 72 23 31 
27 31 28 52 
30 74 29 53 
-1 33 10 34 
32 36 11 35 
-1 35 32 40 
34 38 33 41 
33 37 14 38 
36 48 15 39 
35 39 36 44 
38 50 37 45 
-1 41 34 42 
40 44 35 43 
-1 43 40 128 
42 46 41 129 
41 45 38 46 
44 56 39 47 
43 47 44 132 
46 58 45 133 
37 49 26 50 
48 52 27 51 
39 51 48 56 
50 54 49 57 
49 53 30 54 
52 96 31 55 
51 55 52 60 
54 98 53 61 
45 57 50 58 
56 60 51 59 
47 59 56 144 
58 62 57 145 
57 61 54 62 
60 104 55 63 
59 63 60 148 
62 106 61 149 
21 65 -1 66 
64 68 -1 67 
23 67 64 72 
66 70 65 73 
65 69 -1 70 
68 80 -1 71 
67 71 68 76 
70 82 69 77 
29 73 66 74 
72 76 67 75 
31 75 72 96 
74 78 73 97 
73 77 70 78 
76 88 71 79 
75 79 76 100 
78 90 77 101 
69 81 -1 82 
80 84 -1 83 
71 83 80 88 
82 86 81 89 
81 85 -1 86 
84 -1 -1 87 
83 87 84 92 
86 -1 85 93 
77 89 82 90 
88 92 83 91 
79 91 88 112 
90 94 89 113 
89 93 86 94 
92 -1 87 95 
91 95 92 116 
94 -1 93 117 
53 97 74 98 
96 100 75 99 
55 99 96 104 
98 102 97 105 
97 101 78 102 
100 112 79 103 
99 103 100 108 
102 114 101 109 
61 105 98 106 
104 108 99 107 
63 107 104 192 
106 110 105 193 
105 109 102 110 
108 120 103 111 
107 111 108 196 
110 122 109 197 
101 113 90 114 
112 116 91 115 
103 115 112 120 
114 118 113 121 
113 117 94 118 
116 -1 95 119 
115 119 116 124 
118 -1 117 125 
109 121 114 122 
120 124 115 123 
111 123 120 208 
122 126 121 209 
121 125 118 126 
124 -1 119 127 
123 127 124 212 
126 -1 125 213 
-1 129 42 130 
128 132 43 131 
-1 131 128 136 
130 134 129 137 
129 133 46 134 
132 144 47 135 
131 135 132 140 
134 146 133 141 
-1 137 130 138 
136 140 131 139 
-1 139 136 160 
138 142 137 161 
137 141 134 142 
140 152 135 143 
139 143 140 164 
142 154 141 165 
133 145 58 146 
144 148 59 147 
135 147 144 152 
146 150 145 153 
145 149 62 150 
148 192 63 151 
147 151 148 156 
150 194 149 157 
141 153 146 154 
152 156 147 155 
143 155 152 176 
154 158 153 177 
153 157 150 158 
156 200 151 159 
155 159 156 180 
158 202 157 181 
-1 161 138 162 
160 164 139 163 
-1 163 160 168 
162 166 161 169 
161 165 142 166 
164 176 143 167 
163 167 164 172 
166 178 165 173 
-1 169 162 170 
168 172 163 171 
-1 171 168 -1 
170 174 169 -1 
169 173 166 174 
172 184 167 175 
171 175 172 -1 
174 186 173 -1 
165 177 154 178 
176 180 155 179 
167 179 176 184 
178 182 177 185 
177 181 158 182 
180 224 159 183 
179 183 180 188 
182 226 181 189 
173 185 178 186 
184 188 179 187 
175 187 184 -1 
186 190 185 -1 
185 189 182 190 
188 232 183 191 
187 191 188 -1 
190 234 189 -1 
149 193 106 194 
192 196 107 195 
151 195 192 200 
194 198 193 201 
193 197 110 198 
196 208 111 199 
195 199 196 204 
198 210 197 205 
157 201 194 202 
200 204 195 203 
159 203 200 224 
202 206 201 225 
201 205 198 206 
204 216 199 207 
203 207 204 228 
206 218 205 229 
197 209 122 210 
208 212 123 211 
199 211 208 216 
210 214 209 217 
209 213 126 214 
212 -1 127 215 
211 215 212 220 
214 -1 213 221 
205 217 210 218 
216 220 211 219 
207 219 216 240 
218 222 217 241 
217 221 214 222 
220 -1 215 223 
219 223 220 244 
222 -1 221 245 
181 225 202 226 
224 228 203 227 
183 227 224 232 
226 230 225 233 
225 229 206 230 
228 240 207 231 
227 231 228 236 
230 242 229 237 
189 233 226 234 
232 236 227 235 
191 235 232 -1 
234 238 233 -1 
233 237 230 238 
236 248 231 239 
235 239 236 -1 
238 250 237 -1 
229 241 218 242 
240 244 219 243 
231 243 240 248 
242 246 241 249 
241 245 222 246 
244 -1 223 247 
243 247 244 252 
246 -1 245 253 
237 249 242 250 
248 252 243 251 
239 251 248 -1 
250 254 249 -1 
249 253 246 254 
252 -1 247 255 
251 255 252 -1 
254 -1 253 -1 
