-1 1 -1 2 
0 4 -1 3 
-1 3 0 8 
2 6 1 9 
1 5 -1 6 
4 16 -1 7 
3 7 4 12 
6 18 5 13 
-1 9 2 10 
8 12 3 11 
-1 11 8 32 
10 14 9 33 
9 13 6 14 
12 24 7 15 
11 15 12 36 
14 26 13 37 
5 17 -1 18 
16 20 -1 19 
7 19 16 24 
18 22 17 25 
17 21 -1 22 
20 -1 -1 23 
19 23 20 28 
22 -1 21 29 
13 25 18 26 
24 28 19 27 
15 27 24 48 
26 30 25 49 
25 29 22 30 
28 -1 23 31 
27 31 28 52 
30 -1 29 53 
-1 33 10 34 
32 36 11 35 
-1 35 32 40 
34 38 33 41 
33 37 14 38 
36 48 15 39 
35 39 36 44 
38 50 37 45 
-1 41 34 42 
40 44 35 43 
-1 43 40 -1 
42 46 41 -1 
41 45 38 46 
44 56 39 47 
43 47 44 -1 
46 58 45 -1 
37 49 26 50 
48 52 27 51 
39 51 48 56 
50 54 49 57 
49 53 30 54 
52 -1 31 55 
51 55 52 60 
54 -1 53 61 
45 57 50 58 
56 60 51 59 
47 59 56 -1 
58 62 57 -1 
57 61 54 62 
60 -1 55 63 
59 63 60 -1 
62 -1 61 -1 
