-1 1 -1 2 -1 4 
0 8 -1 3 -1 5 
-1 3 0 16 -1 6 
2 10 1 17 -1 7 
-1 5 -1 6 0 32 
4 12 -1 7 1 33 
-1 7 4 20 2 34 
6 14 5 21 3 35 
1 9 -1 10 -1 12 
8 -1 -1 11 -1 13 
3 11 8 24 -1 14 
10 -1 9 25 -1 15 
5 13 -1 14 8 40 
12 -1 -1 15 9 41 
7 15 12 28 10 42 
14 -1 13 29 11 43 
-1 17 2 18 -1 20 
16 24 3 19 -1 21 
-1 19 16 -1 -1 22 
18 26 17 -1 -1 23 
-1 21 6 22 16 48 
20 28 7 23 17 49 
-1 23 20 -1 18 50 
22 30 21 -1 19 51 
17 25 10 26 -1 28 
24 -1 11 27 -1 29 
19 27 24 -1 -1 30 
26 -1 25 -1 -1 31 
21 29 14 30 24 56 
28 -1 15 31 25 57 
23 31 28 -1 26 58 
30 -1 29 -1 27 59 
-1 33 -1 34 4 36 
32 40 -1 35 5 37 
-1 35 32 48 6 38 
34 42 33 49 7 39 
-1 37 -1 38 32 -1 
36 44 -1 39 33 -1 
-1 39 36 52 34 -1 
38 46 37 53 35 -1 
33 41 -1 42 12 44 
40 -1 -1 43 13 45 
35 43 40 56 14 46 
42 -1 41 57 15 47 
37 45 -1 46 40 -1 
44 -1 -1 47 41 -1 
39 47 44 60 42 -1 
46 -1 45 61 43 -1 
-1 49 34 50 20 52 
48 56 35 51 21 53 
-1 51 48 -1 22 54 
50 58 49 -1 23 55 
-1 53 38 54 48 -1 
52 60 39 55 49 -1 
-1 55 52 -1 50 -1 
54 62 53 -1 51 -1 
49 57 42 58 28 60 
56 -1 43 59 29 61 
51 59 56 -1 30 62 
58 -1 57 -1 31 63 
53 61 46 62 56 -1 
60 -1 47 63 57 -1 
55 63 60 -1 58 -1 
62 -1 61 -1 59 -1 
