-1 1 -1 2 -1 4 
0 8 -1 3 -1 5 
-1 3 0 16 -1 6 
2 10 1 17 -1 7 
-1 5 -1 6 0 32 
4 12 -1 7 1 33 
-1 7 4 20 2 34 
6 14 5 21 3 35 
1 9 -1 10 -1 12 
8 64 -1 11 -1 13 
3 11 8 24 -1 14 
10 66 9 25 -1 15 
5 13 -1 14 8 40 
12 68 -1 15 9 41 
7 15 12 28 10 42 
14 70 13 29 11 43 
-1 17 2 18 -1 20 
16 24 3 19 -1 21 
-1 19 16 128 -1 22 
18 26 17 129 -1 23 
-1 21 6 22 16 48 
20 28 7 23 17 49 
-1 23 20 132 18 50 
22 30 21 133 19 51 
17 25 10 26 -1 28 
24 80 11 27 -1 29 
19 27 24 136 -1 30 
26 82 25 137 -1 31 
21 29 14 30 24 56 
28 84 15 31 25 57 
23 31 28 140 26 58 
30 86 29 141 27 59 
-1 33 -1 34 4 36 
32 40 -1 35 5 37 
-1 35 32 48 6 38 
34 42 33 49 7 39 
-1 37 -1 38 32 256 
36 44 -1 39 33 257 
-1 39 36 52 34 258 
38 46 37 53 35 259 
33 41 -1 42 12 44 
40 96 -1 43 13 45 
35 43 40 56 14 46 
42 98 41 57 15 47 
37 45 -1 46 40 264 
44 100 -1 47 41 265 
39 47 44 60 42 266 
46 102 45 61 43 267 
-1 49 34 50 20 52 
48 56 35 51 21 53 
-1 51 48 160 22 54 
50 58 49 161 23 55 
-1 53 38 54 48 272 
52 60 39 55 49 273 
-1 55 52 164 50 274 
54 62 53 165 51 275 
49 57 42 58 28 60 
56 112 43 59 29 61 
51 59 56 168 30 62 
58 114 57 169 31 63 
53 61 46 62 56 280 
60 116 47 63 57 281 
55 63 60 172 58 282 
62 118 61 173 59 283 
9 65 -1 66 -1 68 
64 72 -1 67 -1 69 
11 67 64 80 -1 70 
66 74 65 81 -1 71 
13 69 -1 70 64 96 
68 76 -1 71 65 97 
15 71 68 84 66 98 
70 78 69 85 67 99 
65 73 -1 74 -1 76 
72 -1 -1 75 -1 77 
67 75 72 88 -1 78 
74 -1 73 89 -1 79 
69 77 -1 78 72 104 
76 -1 -1 79 73 105 
71 79 76 92 74 106 
78 -1 77 93 75 107 
25 81 66 82 -1 84 
80 88 67 83 -1 85 
27 83 80 192 -1 86 
82 90 81 193 -1 87 
29 85 70 86 80 112 
84 92 71 87 81 113 
31 87 84 196 82 114 
86 94 85 197 83 115 
81 89 74 90 -1 92 
88 -1 75 91 -1 93 
83 91 88 200 -1 94 
90 -1 89 201 -1 95 
85 93 78 94 88 120 
92 -1 79 95 89 121 
87 95 92 204 90 122 
94 -1 93 205 91 123 
41 97 -1 98 68 100 
96 104 -1 99 69 101 
43 99 96 112 70 102 
98 106 97 113 71 103 
45 101 -1 102 96 320 
100 108 -1 103 97 321 
47 103 100 116 98 322 
102 110 101 117 99 323 
97 105 -1 106 76 108 
104 -1 -1 107 77 109 
99 107 104 120 78 110 
106 -1 105 121 79 111 
101 109 -1 110 104 328 
108 -1 -1 111 105 329 
103 111 108 124 106 330 
110 -1 109 125 107 331 
57 113 98 114 84 116 
112 120 99 115 85 117 
59 115 112 224 86 118 
114 122 113 225 87 119 
61 117 102 118 112 336 
116 124 103 119 113 337 
63 119 116 228 114 338 
118 126 117 229 115 339 
113 121 106 122 92 124 
120 -1 107 123 93 125 
115 123 120 232 94 126 
122 -1 121 233 95 127 
117 125 110 126 120 344 
124 -1 111 127 121 345 
119 127 124 236 122 346 
126 -1 125 237 123 347 
-1 129 18 130 -1 132 
128 136 19 131 -1 133 
-1 131 128 144 -1 134 
130 138 129 145 -1 135 
-1 133 22 134 128 160 
132 140 23 135 129 161 
-1 135 132 148 130 162 
134 142 133 149 131 163 
129 137 26 138 -1 140 
136 192 27 139 -1 141 
131 139 136 152 -1 142 
138 194 137 153 -1 143 
133 141 30 142 136 168 
140 196 31 143 137 169 
135 143 140 156 138 170 
142 198 141 157 139 171 
-1 145 130 146 -1 148 
144 152 131 147 -1 149 
-1 147 144 -1 -1 150 
146 154 145 -1 -1 151 
-1 149 134 150 144 176 
148 156 135 151 145 177 
-1 151 148 -1 146 178 
150 158 149 -1 147 179 
145 153 138 154 -1 156 
152 208 139 155 -1 157 
147 155 152 -1 -1 158 
154 210 153 -1 -1 159 
149 157 142 158 152 184 
156 212 143 159 153 185 
151 159 156 -1 154 186 
158 214 157 -1 155 187 
-1 161 50 162 132 164 
160 168 51 163 133 165 
-1 163 160 176 134 166 
162 170 161 177 135 167 
-1 165 54 166 160 384 
164 172 55 167 161 385 
-1 167 164 180 162 386 
166 174 165 181 163 387 
161 169 58 170 140 172 
168 224 59 171 141 173 
163 171 168 184 142 174 
170 226 169 185 143 175 
165 173 62 174 168 392 
172 228 63 175 169 393 
167 175 172 188 170 394 
174 230 173 189 171 395 
-1 177 162 178 148 180 
176 184 163 179 149 181 
-1 179 176 -1 150 182 
178 186 177 -1 151 183 
-1 181 166 182 176 400 
180 188 167 183 177 401 
-1 183 180 -1 178 402 
182 190 181 -1 179 403 
177 185 170 186 156 188 
184 240 171 187 157 189 
179 187 184 -1 158 190 
186 242 185 -1 159 191 
181 189 174 190 184 408 
188 244 175 191 185 409 
183 191 188 -1 186 410 
190 246 189 -1 187 411 
137 193 82 194 -1 196 
192 200 83 195 -1 197 
139 195 192 208 -1 198 
194 202 193 209 -1 199 
141 197 86 198 192 224 
196 204 87 199 193 225 
143 199 196 212 194 226 
198 206 197 213 195 227 
193 201 90 202 -1 204 
200 -1 91 203 -1 205 
195 203 200 216 -1 206 
202 -1 201 217 -1 207 
197 205 94 206 200 232 
204 -1 95 207 201 233 
199 207 204 220 202 234 
206 -1 205 221 203 235 
153 209 194 210 -1 212 
208 216 195 211 -1 213 
155 211 208 -1 -1 214 
210 218 209 -1 -1 215 
157 213 198 214 208 240 
212 220 199 215 209 241 
159 215 212 -1 210 242 
214 222 213 -1 211 243 
209 217 202 218 -1 220 
216 -1 203 219 -1 221 
211 219 216 -1 -1 222 
218 -1 217 -1 -1 223 
213 221 206 222 216 248 
220 -1 207 223 217 249 
215 223 220 -1 218 250 
222 -1 221 -1 219 251 
169 225 114 226 196 228 
224 232 115 227 197 229 
171 227 224 240 198 230 
226 234 225 241 199 231 
173 229 118 230 224 448 
228 236 119 231 225 449 
175 231 228 244 226 450 
230 238 229 245 227 451 
225 233 122 234 204 236 
232 -1 123 235 205 237 
227 235 232 248 206 238 
234 -1 233 249 207 239 
229 237 126 238 232 456 
236 -1 127 239 233 457 
231 239 236 252 234 458 
238 -1 237 253 235 459 
185 241 226 242 212 244 
240 248 227 243 213 245 
187 243 240 -1 214 246 
242 250 241 -1 215 247 
189 245 230 246 240 464 
244 252 231 247 241 465 
191 247 244 -1 242 466 
246 254 245 -1 243 467 
241 249 234 250 220 252 
248 -1 235 251 221 253 
243 251 248 -1 222 254 
250 -1 249 -1 223 255 
245 253 238 254 248 472 
252 -1 239 255 249 473 
247 255 252 -1 250 474 
254 -1 253 -1 251 475 
-1 257 -1 258 36 260 
256 264 -1 259 37 261 
-1 259 256 272 38 262 
258 266 257 273 39 263 
-1 261 -1 262 256 288 
260 268 -1 263 257 289 
-1 263 260 276 258 290 
262 270 261 277 259 291 
257 265 -1 266 44 268 
264 320 -1 267 45 269 
259 267 264 280 46 270 
266 322 265 281 47 271 
261 269 -1 270 264 296 
268 324 -1 271 265 297 
263 271 268 284 266 298 
270 326 269 285 267 299 
-1 273 258 274 52 276 
272 280 259 275 53 277 
-1 275 272 384 54 278 
274 282 273 385 55 279 
-1 277 262 278 272 304 
276 284 263 279 273 305 
-1 279 276 388 274 306 
278 286 277 389 275 307 
273 281 266 282 60 284 
280 336 267 283 61 285 
275 283 280 392 62 286 
282 338 281 393 63 287 
277 285 270 286 280 312 
284 340 271 287 281 313 
279 287 284 396 282 314 
286 342 285 397 283 315 
-1 289 -1 290 260 292 
288 296 -1 291 261 293 
-1 291 288 304 262 294 
290 298 289 305 263 295 
-1 293 -1 294 288 -1 
292 300 -1 295 289 -1 
-1 295 292 308 290 -1 
294 302 293 309 291 -1 
289 297 -1 298 268 300 
296 352 -1 299 269 301 
291 299 296 312 270 302 
298 354 297 313 271 303 
293 301 -1 302 296 -1 
300 356 -1 303 297 -1 
295 303 300 316 298 -1 
302 358 301 317 299 -1 
-1 305 290 306 276 308 
304 312 291 307 277 309 
-1 307 304 416 278 310 
306 314 305 417 279 311 
-1 309 294 310 304 -1 
308 316 295 311 305 -1 
-1 311 308 420 306 -1 
310 318 309 421 307 -1 
305 313 298 314 284 316 
312 368 299 315 285 317 
307 315 312 424 286 318 
314 370 313 425 287 319 
309 317 302 318 312 -1 
316 372 303 319 313 -1 
311 319 316 428 314 -1 
318 374 317 429 315 -1 
265 321 -1 322 100 324 
320 328 -1 323 101 325 
267 323 320 336 102 326 
322 330 321 337 103 327 
269 325 -1 326 320 352 
324 332 -1 327 321 353 
271 327 324 340 322 354 
326 334 325 341 323 355 
321 329 -1 330 108 332 
328 -1 -1 331 109 333 
323 331 328 344 110 334 
330 -1 329 345 111 335 
325 333 -1 334 328 360 
332 -1 -1 335 329 361 
327 335 332 348 330 362 
334 -1 333 349 331 363 
281 337 322 338 116 340 
336 344 323 339 117 341 
283 339 336 448 118 342 
338 346 337 449 119 343 
285 341 326 342 336 368 
340 348 327 343 337 369 
287 343 340 452 338 370 
342 350 341 453 339 371 
337 345 330 346 124 348 
344 -1 331 347 125 349 
339 347 344 456 126 350 
346 -1 345 457 127 351 
341 349 334 350 344 376 
348 -1 335 351 345 377 
343 351 348 460 346 378 
350 -1 349 461 347 379 
297 353 -1 354 324 356 
352 360 -1 355 325 357 
299 355 352 368 326 358 
354 362 353 369 327 359 
301 357 -1 358 352 -1 
356 364 -1 359 353 -1 
303 359 356 372 354 -1 
358 366 357 373 355 -1 
353 361 -1 362 332 364 
360 -1 -1 363 333 365 
355 363 360 376 334 366 
362 -1 361 377 335 367 
357 365 -1 366 360 -1 
364 -1 -1 367 361 -1 
359 367 364 380 362 -1 
366 -1 365 381 363 -1 
313 369 354 370 340 372 
368 376 355 371 341 373 
315 371 368 480 342 374 
370 378 369 481 343 375 
317 373 358 374 368 -1 
372 380 359 375 369 -1 
319 375 372 484 370 -1 
374 382 373 485 371 -1 
369 377 362 378 348 380 
376 -1 363 379 349 381 
371 379 376 488 350 382 
378 -1 377 489 351 383 
373 381 366 382 376 -1 
380 -1 367 383 377 -1 
375 383 380 492 378 -1 
382 -1 381 493 379 -1 
-1 385 274 386 164 388 
384 392 275 387 165 389 
-1 387 384 400 166 390 
386 394 385 401 167 391 
-1 389 278 390 384 416 
388 396 279 391 385 417 
-1 391 388 404 386 418 
390 398 389 405 387 419 
385 393 282 394 172 396 
392 448 283 395 173 397 
387 395 392 408 174 398 
394 450 393 409 175 399 
389 397 286 398 392 424 
396 452 287 399 393 425 
391 399 396 412 394 426 
398 454 397 413 395 427 
-1 401 386 402 180 404 
400 408 387 403 181 405 
-1 403 400 -1 182 406 
402 410 401 -1 183 407 
-1 405 390 406 400 432 
404 412 391 407 401 433 
-1 407 404 -1 402 434 
406 414 405 -1 403 435 
401 409 394 410 188 412 
408 464 395 411 189 413 
403 411 408 -1 190 414 
410 466 409 -1 191 415 
405 413 398 414 408 440 
412 468 399 415 409 441 
407 415 412 -1 410 442 
414 470 413 -1 411 443 
-1 417 306 418 388 420 
416 424 307 419 389 421 
-1 419 416 432 390 422 
418 426 417 433 391 423 
-1 421 310 422 416 -1 
420 428 311 423 417 -1 
-1 423 420 436 418 -1 
422 430 421 437 419 -1 
417 425 314 426 396 428 
424 480 315 427 397 429 
419 427 424 440 398 430 
426 482 425 441 399 431 
421 429 318 430 424 -1 
428 484 319 431 425 -1 
423 431 428 444 426 -1 
430 486 429 445 427 -1 
-1 433 418 434 404 436 
432 440 419 435 405 437 
-1 435 432 -1 406 438 
434 442 433 -1 407 439 
-1 437 422 438 432 -1 
436 444 423 439 433 -1 
-1 439 436 -1 434 -1 
438 446 437 -1 435 -1 
433 441 426 442 412 444 
440 496 427 443 413 445 
435 443 440 -1 414 446 
442 498 441 -1 415 447 
437 445 430 446 440 -1 
444 500 431 447 441 -1 
439 447 444 -1 442 -1 
446 502 445 -1 443 -1 
393 449 338 450 228 452 
448 456 339 451 229 453 
395 451 448 464 230 454 
450 458 449 465 231 455 
397 453 342 454 448 480 
452 460 343 455 449 481 
399 455 452 468 450 482 
454 462 453 469 451 483 
449 457 346 458 236 460 
456 -1 347 459 237 461 
451 459 456 472 238 462 
458 -1 457 473 239 463 
453 461 350 462 456 488 
460 -1 351 463 457 489 
455 463 460 476 458 490 
462 -1 461 477 459 491 
409 465 450 466 244 468 
464 472 451 467 245 469 
411 467 464 -1 246 470 
466 474 465 -1 247 471 
413 469 454 470 464 496 
468 476 455 471 465 497 
415 471 468 -1 466 498 
470 478 469 -1 467 499 
465 473 458 474 252 476 
472 -1 459 475 253 477 
467 475 472 -1 254 478 
474 -1 473 -1 255 479 
469 477 462 478 472 504 
476 -1 463 479 473 505 
471 479 476 -1 474 506 
478 -1 477 -1 475 507 
425 481 370 482 452 484 
480 488 371 483 453 485 
427 483 480 496 454 486 
482 490 481 497 455 487 
429 485 374 486 480 -1 
484 492 375 487 481 -1 
431 487 484 500 482 -1 
486 494 485 501 483 -1 
481 489 378 490 460 492 
488 -1 379 491 461 493 
483 491 488 504 462 494 
490 -1 489 505 463 495 
485 493 382 494 488 -1 
492 -1 383 495 489 -1 
487 495 492 508 490 -1 
494 -1 493 509 491 -1 
441 497 482 498 468 500 
496 504 483 499 469 501 
443 499 496 -1 470 502 
498 506 497 -1 471 503 
445 501 486 502 496 -1 
500 508 487 503 497 -1 
447 503 500 -1 498 -1 
502 510 501 -1 499 -1 
497 505 490 506 476 508 
504 -1 491 507 477 509 
499 507 504 -1 478 510 
506 -1 505 -1 479 511 
501 509 494 510 504 -1 
508 -1 495 511 505 -1 
503 511 508 -1 506 -1 
510 -1 509 -1 507 -1 
